1xwqA_BS01_XYP	76,78,280,281,284,327,378,380,381,382
2z1sA_BS01_CTT	167,180,223,243,298,315,316,326,328,356,402,409,418
1a42A_BS01_ZN	94,96,119
1a42A_BS02_BZU	5,64,92,94,96,119,121,130,134,197,198,199,201
13gsA_BS01_GSH	7,8,13,38,44,51,52,53,64,65
13gsA_BS02_SAS	8,9,10,13,35,104,108,202,205
148lE_BS02_UUU	11,20,22,24,26,30,32,70,104,105,106,107,142
1a26A_BS01_CNA	826,890,903,907,984,985,986,988
1a2kC_BS01_GDP	19,20,21,22,23,24,25,122,123,125,126,150,151,152
1a4kH_BS01_FRA	31,32,33,35,50,99,100,101,104
1a7xA_BS01_FKA	54,79,81,82,83
1a8tA_BS01_ZN	82,84,145
1a8tA_BS02_ZN	86,164,206
1a8tA_BS03_061	29,32,35,36,145,164,168,175,176,206,207,208
1afkA_BS01_PAP	4,7,11,12,41,65,67,69,71,109,111,118,119,120
1arcA_BS01_TCK	57,169,189,191,192,194,210,211,212,214,225
1atlA_BS01_ZN	142,146,152
1atlA_BS02_CA	9,93,197,200
1atlA_BS03_0QI	106,107,108,109,142,143,146,152,165,167,168,169,170
1azmA_BS01_ZN	94,96,119
1azmA_BS02_AZM	91,94,96,119,198,199,200,209
1b8uA_BS01_OAA	161,165,190,191,227,228,229,230,241
1b8uA_BS02_NAD	11,12,15,16,17,42,43,44,90,91,92,115,132,133,134,158,161,190,245
1blcA_BS01_UUU	68,69,72,102,127,129,167,213,231,232,233,234,236
1bnwA_BS01_ZN	94,96,119
1bnwA_BS02_TPD	92,94,96,119,121,130,197,198,199,201
1bq3A_BS01_IHP	7,8,10,11,13,14,18,19,20,89,97,113,114,204
1bqoB_BS01_ZN	201,205,211
1bqoB_BS02_ZN	151,153,166,179
1bqoB_BS03_CA	158,159,161,163,181,184
1bqoB_BS04_CA	107,182,184
1bqoB_BS05_CA	141,173,174,175,177
1bqoB_BS06_N25	86,162,163,164,165,166,198,201,202,205,211,221
1br6A_BS01_PT1	78,79,80,81,93,121,122,123,172,176,177,180
1bs1A_BS01_MG	16,54,115
1bs1A_BS02_ADP	12,13,14,15,16,17,115,175,176,204,205,206,210,211
1bs1A_BS03_DAA	11,15,37,40,41,54,79,81,115,117,118
1bsvA_BS01_NDP	10,12,13,14,15,36,39,40,41,42,63,64,66,86,105,106,136,140,163,164,166
1bxqA_BS01_MAN	5,7
1bxqA_BS02_PP8	15,33,35,75,76,77,79,111,121,211,213,215,216,217,218,274,284,293,295,297
1bzyA_BS01_IMU	104,133,134,135,137,138,139,140,141,165,186,187,192,193
1bzyA_BS02_POP	68,69,102,103,104,193,199
1c1hA_BS01_MMP	13,25,29,30,31,87,120,121,183,185,186,188,222,224,226,230,263,264
1c3jA_BS01_UDP	170,171,173,177,195,196,219,220,222,225,243,251,254
1c5iA_BS01_UUU	7,9,35,37,69,71,78,80,112,116,117,118,125,127,166,172
1cenA_BS01_BGC	16,90,134,194,201,206,274,307,312,313,314
1cetA_BS01_CLQ	26,27,50,51,52,83,96,111,114
1ch8A_BS01_MG	13,40,305
1ch8A_BS02_GPX	13,14,15,16,17,40,41,42,49,305,331,333,414,416,417
1ch8A_BS03_HDA	13,40,129,273,298,299,300,301,303,305
1ch8A_BS04_IMP	13,38,39,126,127,128,129,224,238,239,273,274,303
1cimA_BS01_ZN	94,96,119
1cimA_BS02_MMC	134,136,204,205
1cimA_BS03_PTS	92,94,96,119,121,130,197,198,199
1cqfB_BS01_UUU	218,234
1cqfB_BS02_UUU	232,233,234,235
1cqfB_BS03_UUU	213,215,217,219,221,228,230,260
1d3pB_BS03_BT3	79,86,130,131,132,228,229,230,231,234,254,255,256,257,259,260,267
1d4pB_BS03_BPP	83,86,130,131,132,228,229,254,256,257,259,260,267
1dcpA_BS01_HBI	61,62,63,78,79,80,81
1ddtA_BS01_APU	21,22,24,27,31,34,35,36,38,42,44,45,53,54,65,153
1e3vA_BS01_DXC	16,40,56,57,60,88,99,103,116,118,120
1e4gT_BS01_ATP	16,17,18,19,21,84,214,215,238,242,257,330,333,334
1e5qA_BS01_NDP	11,12,13,14,33,34,35,54,55,56,75,76,77,80,98,99,124,125,126,127,174,175,399
1e5qA_BS02_SHR	78,99,100,126,155,156,157,174,224,245,247
1efyA_BS01_BZC	763,862,863,896,897,904,907,988
1einA_BS01_PLC	84,89,92,146,203,255
1elaA_BS01_0Z1	60,103,104,182,199,200,203,221,222,223,224
1elaA_BS02_CA	74,76,79,80,81,84
1epbB_BS01_REA	6,8,11,15,50,78,80,85,89,98,100,102,115,117
1eswA_BS01_ACR	57,59,60,256,258,293,294,340,394,395,464,473
1eswA_BS02_ACR	53,54,55,56,98,101,153,469,470
1etrH_BS01_MIT	58,62,65,111,214,215,216,220,240,242,243,244,245,246,253
1ettH_BS01_0ZG	58,62,65,111,214,215,220,240,241,242,243,245,254
1eveA_BS01_E20	84,121,199,279,282,290,330,331,334,440
1ex8A_BS01_MG	82,97
1ex8A_BS02_A4P	42,43,45,53,55,74,82,84,88,89,92,97,98,110,111,112,113,115,121,123
1exaA_BS01_394	201,230,234,237,271,272,275,278,288,289,303,304,307,400,412,415
1eyrA_BS01_CDP	11,12,13,16,22,23,72,81,83,106,107
1ezqA_BS01_CA	71,73,76,77,81
1ezqA_BS02_RPR	98,99,100,150,177,194,195,196,197,200,218,220,221,222,223,224,231
1f0rA_BS01_CA	71,73,76,77,81
1f0rA_BS02_815	98,100,177,200,218,220,221,222,223,224
1f0tA_BS01_CA	67,69,72,73,74,77
1f0tA_BS02_PR1	94,95,96,170,186,187,188,189,208,209,211,212,219
1f17A_BS01_NAI	21,24,25,26,45,46,107,108,110,115,135,137,158,159
1f4eA_BS01_TPR	56,59,80,81,95,147,148,177,178
1f4eA_BS02_TPR	65,66,67
1f4fA_BS01_TP3	59,80,81,84,144,147,173,177,178
1f4gA_BS01_TP4	55,80,81,84,144,147,168,170,173,174,177,178,208,210
1f7bA_BS01_NAU	10,43,46,47,48,136,164,188,189,190,191,205,206,207,250
1f8gA_BS01_NAD	128,136,138,180,181,182,183,203,204,205,233,235,246,263,264,265,274
1fcvA_BS01_UUU	20,21,46,55,111,113,184,227,271,301,303,304
1ffqA_BS01_UUU	163,167,172,191,275,276,313,315,362,388,390,391,444,473,476,537,539,540
1fjsA_BS01_CA	71,73,76,78,81
1fjsA_BS02_Z34	97,98,99,177,194,195,196,197,200,218,220,221,223,224,231
1fk6A_BS01_LNL	37,40,46,49,53,57,81
1fk6A_BS02_FMT	51,54,87,89
1fkgA_BS01_SB3	26,36,37,46,55,56,59,82,99
1foaA_BS01_MN	117,213
1foaA_BS02_UD1	113,114,115,117,144,145,184,186,187,190,211,212,213,269,290,291,320,321,322,331
1fqoA_BS01_F6R	151,152,158,159,160
1fqoA_BS02_F6R	41,42,43,44,71,72,137,138,143,145,172,208
1fthA_BS01_A3P	1064,1067,1068
1g4oA_BS01_ZN	94,96,119
1g4oA_BS02_BSB	94,96,119,121,197,198,199,201
1g6cA_BS01_MG	93,112
1g6cA_BS02_IFP	29,31,57,107,130,147,149,184,186,206
1g6cA_BS03_POP	59,61,92,93,109,112,130,159
1g6cA_BS04_TZP	59,156,158,159,186,187,188,207,208,209
1g97A_BS01_MG	22,102,227
1g97A_BS02_UD1	8,10,11,22,72,75,76,77,78,100,101,102,138,139,154,169,170,197,198,199,225,227
1gkcA_BS01_CA	182,183,184,185,187,205,208
1gkcA_BS02_CA	165,197,198,199,201
1gkcA_BS03_CA	129,131,206,208
1gkcA_BS04_CA	211,212,213,214,215,216
1gkcA_BS05_NFH	186,187,188,189,218,223,226,227,230,236,246,247,248
1gkcA_BS06_ZN	226,230,236
1gkcA_BS07_ZN	175,177,190,203
1goqA_BS01_XYP	47,48,51,84,88,91,131,132,175,208,210,238,268,276
1goqA_BS02_XYP	24,25,26,48,49
1goqA_BS03_XYP	14,15,16,260
1goyA_BS01_3GP	26,54,55,56,57,58,59,72,82,86,101,102
1gpkA_BS01_HUP	84,116,117,118,119,121,122,123,127,130,199,330,331,440
1gsaA_BS01_MG	273,281
1gsaA_BS02_MG	165,281,283
1gsaA_BS03_SO4	165,166,210,225,235,273,281,283
1gsaA_BS04_ADP	125,158,160,164,165,166,167,170,198,199,200,201,204,208,232,233,234,235,273,275,281
1gsaA_BS05_GSH	19,20,21,86,88,89,165,210,225,236,237,285,286,287,288
1gwmA_BS01_CO	144,150,152
1gwmA_BS02_UUU	24,26,46,74,78,85,112,116,118,119
1gwxA_BS01_433	281,284,285,286,288,289,292,323,326,327,329,330,341,348,353,364,449,453,465,473
1h0sA_BS01_FA6	11,13,19,69,71,72,75,95,96,97,99,106
1h1pA_BS01_CMG	10,11,12,13,31,80,81,82,83,134
1h1sA_BS01_4SP	10,12,13,31,64,80,81,83,84,85,86,89,132,134
1h72C_BS01_HSE	16,17,22,23,140,141,187,235,260
1h72C_BS02_ANP	55,56,61,62,63,87,91,92,94,95,96,97,98,101,133,183,261
1h9uA_BS01_LG2	316,319,320,323,353,357,358,361,364,374,375,393,480,483
1hdqA_BS01_INF	69,72,127,145,196,197,247,248,250,270
1hdqA_BS02_ZN	69,72,196
1hfcA_BS01_ZN	218,222,228
1hfcA_BS02_ZN	168,170,183,196
1hfcA_BS03_CA	175,176,177,178,180,198,201
1hfcA_BS04_PLH	179,180,181,182,210,218,219,222,228,237,238,239,240
1hnjA_BS01_MLC	28,32,36,37,151,155,156,189,207,209,210,212,213,246,247,250,304,305
1hp0A_BS01_CA	9,14,136,137,252
1hp0A_BS02_AD3	11,13,14,39,82,136,163,172,183,185,248,251,252
1hpvA_BS01_478	23,25,27,29,30,32,47,49,50,81
1htfA_BS01_G26	23,25,27,28,29,30,32,48,82,84
1htfA_BS02_G26	8,23,25,27,49,50,82
1hwwA_BS01_ZN	90,92,204,471
1hwwA_BS02_SWA	90,92,95,204,206,228,269,341,415,471,472,727
1i1hA_BS01_COJ	10,13,14,17,40,43,44,84,86,195,196,199,200,203
1i7lA_BS01_ATP	248,268,270,276,277,280,306,307,308,309,314,329,338,339,374,376,386
1i7zA_BS01_COC	36,38,40,53,54,93,95,96,97
1i8zA_BS01_ZN	94,96,119
1i8zA_BS02_INL	67,91,92,94,96,119,121,130,134,197,198,199,201,208
1if7A_BS01_ZN	94,96,119
1if7A_BS02_SBR	94,96,119,121,130,131,197,198,199,201
1ig3A_BS01_VIB	222,224,236,237,238,239
1ig3A_BS02_VIB	116,117,118
1ixnA_BS01_DXP	9,11,12,45,47,52,72,102,103,133,193
1ixnA_BS02_G3P	9,72,153,193,194,213,215,216
1j8rA_BS01_UUU	59,89,91,103,104,107,170,172
1j9kA_BS01_CA	8,9,39,95
1j9kA_BS02_WO4	8,39,40,95,99,107,108,109
1jcgA_BS01_MG	9,315
1jcgA_BS02_ANP	12,13,14,131,155,156,157,158,179,204,207,208,285,286,287,289,290
1jclB_BS01_HPD	20,47,73,167,170,203,204,205,236,237,238
1jd0A_BS01_ZN	92,94,118
1jd0A_BS02_AZM	90,92,94,118,120,198,199,200,209
1jieA_BS01_BLM	59,60,61,62,65,86,89,101,102,109,113,115,117
1jieA_BS02_BLM	32,33,38,47,51,52
1jjeA_BS01_ZN	77,79,139
1jjeA_BS02_ZN	81,158,197
1jjeA_BS03_ZN	34,199
1jjeA_BS04_BYS	25,28,79,80,81,139,158,161,166,167,197
1jkkA_BS01_MG	144,161
1jkkA_BS02_ANP	19,20,22,23,24,25,27,40,42,77,94,96,100,143,146,160,161
1jlaA_BS01_TNK	97,99,102,175,182,183,184,219,221,223,228,230,312
1jq3A_BS01_AAT	46,62,66,67,76,77,98,99,101,120,121,122,126,152,153,170,171,172,173,178,179,182,239,244
1jsvA_BS01_U55	31,33,70,71,72,73,74,75,78,123
1jxmA_BS01_5GP	537,540,549,573,578,598
1jylA_BS01_MG	107,216,218
1jylA_BS02_CDC	11,12,13,14,82,85,86,87,90,106,107,136,190,192,216,218
1jylA_BS03_CDC	21,24
1k0nA_BS01_GSH	13,24,26,64,76,77
1k1jA_BS01_CA	67,69,70,72,73,77
1k1jA_BS02_FD2	55,93,94,96,186,187,188,189,192,207,208,209,210,211,212,219
1k22H_BS03_NA	198,240,241,242,243,244
1k22H_BS04_NA	182,183,185,186
1k22H_BS05_MEL	58,62,65,111,187,207,208,213,233,234,235,236,237,238,239,246
1k3uA_BS01_IAD	22,60,64,100,153,175,183,184,211,212,213,214,232,233,234,235
1k3yA_BS01_GTX	9,15,45,54,55,56,67,68,107,111,208,213,220
1k3yA_BS02_GOL	68,72,96,97,100,159
1k3yA_BS03_GOL	15,69,104
1k3yA_BS04_GTX	101,131
1k54A_BS01_HOQ	66,67,70,102,117,155,207,208,209
1k7eA_BS01_IAG	22,49,60,64,100,153,175,183,205,225,227,228
1k7fA_BS01_IAV	59,60,100,102,127,129,175,198,220,221
1kaqA_BS01_DND	7,8,9,10,11,15,18,21,39,43,44,45,85,106,109,116,117,133,152,154
1ke5A_BS01_LS1	10,31,57,73,74,75,76,77,78,79,82,127,138
1kgzB_BS01_MN	91,103,234
1kgzB_BS02_MN	95,233,234
1kgzB_BS03_PRP	90,91,93,94,101,102,103,104,119,129,234
1khrD_BS01_COA	70,121,122,123,124,141,142,155,157,158,164
1khrD_BS02_VIR	37,39
1khrD_BS03_COA	80,82,84,129,147,160
1kpeB_BS01_ADW	19,41,42,43,44,45,53,99,105,106,107,108,112,114
1kv1A_BS01_BMU	53,71,74,75,78,84,106,163,164,165
1kv2A_BS01_B96	38,53,67,71,74,75,78,84,104,106,108,109,110,140,159,160,161
1kwcB_BS01_BPY	172,186,194,201,208,209,240,242,249,260
1l2sA_BS01_STC	64,67,152,221,314,315,316,317
1l7fA_BS01_UUU	200,201,221
1l7fA_BS02_CA	294,295,298,325,347,348
1l7fA_BS03_BCZ	118,119,134,151,152,156,179,228,277,278,293,371,405
1l8gA_BS01_DBD	46,48,49,120,181,182,215,216,217,219,220,221,258,259,262
1lbyA_BS01_F6P	85,155,170,171,172,175,191,195,196,200
1lbyA_BS02_MN	67,82,85,200
1lbyA_BS03_MN	67,82,84,85,87
1lbyA_BS04_MN	38,40,67
1lbyA_BS05_PO4	67,85,86,87
1lbyA_BS06_F6P	165,167
1lloA_BS01_UUU	6,9,32,34,45,47,81,82,125,127,181,183,224,253,255,259
1llrD_BS01_UUU	11,12,13,51,56,57,61,88,90,91
1llrD_BS02_UUU	33,35
1lpzB_BS01_CA	71,73,76,77,78,81
1lpzB_BS02_CMB	99,100,147,150,177,194,195,196,197,200,218,220,221,222,223,224,231
1lqdB_BS01_CA	71,73,74,76,81
1lqdB_BS02_CMI	99,100,147,150,177,194,195,196,197,200,218,220,221,222,223,224,231
1lspA_BS01_BUL	73,85,87,88,89,90,95,97,101,123,147,148,150
1ltzA_BS01_FE	138,143,184
1ltzA_BS02_HBI	100,101,102,104,107,159,179
1lxmA_BS01_UUU	321,370,371,372,380,416,488,542,557,560,596,598
1lzsA_BS01_NAG	46,53,58,60,63,64,102,103,104,108,109,110
1lzsA_BS02_NAG	33,34,35,36,43,44,58,111
1m48A_BS01_FRG	35,38,39,41,42,43,44,45,62,65,72,73
1mbzA_BS01_MG	244,342,434
1mbzA_BS02_POP	240,242,244,245,342,414,434,435
1mbzA_BS03_IOT	238,239,240,245,263,264,317,321,324,338,339,340,342,343,348,364,373,434,435,436,437
1mehA_BS01_K	149,151,152
1mehA_BS02_IMP	57,59,201,202,203,204,243,244,245,264,265,266,267,290,292,293,294,303
1mehA_BS03_MOA	146,147,148,176,197,198,199,293,294,299,303
1mkaA_BS01_DAC	70,71,77,78,79,113,115,116
1mkaA_BS02_DAC	27,91,104,105,106,171
1mmbA_BS01_CA	137,169,170,171,173
1mmbA_BS02_CA	154,155,156,157,159,177,180
1mmbA_BS03_ZN	147,149,162,175
1mmbA_BS04_ZN	197,201,207
1mmbA_BS05_BAT	158,159,160,161,162,189,194,197,198,201,207,217,218,219
1mncA_BS01_ZN	218,222,228
1mncA_BS02_ZN	168,170,183,196
1mncA_BS03_CA	175,176,177,178,180,198,201
1mncA_BS04_PLH	179,180,181,182,215,218,219,222,228,237,238,239,240
1mq5A_BS01_CA	71,73,76,77,78,81
1mq5A_BS02_XLC	97,98,100,147,150,177,194,195,196,197,218,220,221,222,223,224,231,232,233
1mq6A_BS01_CA	71,73,74,76,78,81
1mq6A_BS02_XLD	97,98,100,150,177,194,195,196,197,218,220,221,222,223,224,231,232,233
1mu0A_BS01_PHK	36,37,40,44,105,106,137,141,213,216,271
1mxiA_BS01_SAH	78,79,80,99,100,101,102,104,105,121,122,124,130,131,133,136
1n07A_BS01_ADP	30,32,33,36,37,38,39,44,45,97,98,99,106,107,108
1n07A_BS02_FMN	33,34,36,45,64,79,81,96,121,123,124,126,132,136,139
1n2vA_BS01_ZN	318,320,323,349
1n2vA_BS02_BDI	106,156,158,201,203,229,230,260,261
1n46A_BS01_PFA	269,273,276,279,307,310,313,314,317,327,328,341,343,350,432,439,452
1navA_BS01_IH5	205,208,209,211,212,215,218,246,249,253,266,267,280,282,289,371,378,391
1ncoB_BS01_CHR	35,37,39,45,47,49,52,76,77,78,80,94,95,96,98,100,101,102
1ndiA_BS01_COA	343,347,349,419,423,426,427,428,429,430,454,455,456,507,511,554,555,556
1nhuA_BS01_153	414,417,418,469,471,472,477,492,496,523
1nhvA_BS01_154	417,418,469,470,471,472,492,496,523
1nmkA_BS01_SFM	55,57,60,63,73,101,102,103,111,113,121,122,126
1nz7A_BS01_901	24,28,29,46,48,120,215,216,217,218,219,220,221,258,259,262,263,266
1o26B_BS01_UMP	86,87,88,89,90,147
1o26B_BS02_FAD	78,79,80,81,169,173,174,178
1o26B_BS03_FAD	85,86,88,91
1o26B_BS04_UMP	74,75,78,174
1o26B_BS05_FAD	30,55,58,81,163,165
1o86A_BS01_GLY	379,415,449,450,523
1o86A_BS02_ZN	383,387,411
1o86A_BS03_LPR	162,281,353,354,380,383,384,387,411,453,507,508,509,514,516,519
1of1A_BS01_SCT	58,79,93,97,121,124,128,154,159,163,213,216
1of8B_BS01_CO	76,112,282,316,339
1of8B_BS02_PEP	107,109,112,113,178,179,180,201,249,282
1of8B_BS03_G3P	112,113,114,115,339
1og1A_BS01_TAD	5,79,87,91,126,127,130,132,144,147,148,160,187,189
1ogkB_BS01_DUD	22,25,26,29,42,49,52,77,80,83,84,168,172,175,180,187,195
1ogoX_BS01_UUU	315,373,374,395,417,418,447,449,452
1ohrA_BS01_1UN	25,27,28,29,30,49,50,81,82,84
1ojzA_BS01_NAD	37,44,48,85,86,87,88,90,91,133,138,139,140,147,150,178,180
1onhA_BS01_WY4	64,119,120,152,320,321,322,323
1oq5A_BS01_ZN	94,96,119
1oq5A_BS02_CEL	67,69,92,94,96,119,130,197,198,199,201
1ow3B_BS01_MG	19,37
1ow3B_BS02_UUU	14,15,16,17,18,19,20,30,34,36,37,62,63,118,120,121,160,161,162
1oweA_BS01_675	46,94,192,193,195,198,216,218,221,222,229
1oxmA_BS01_TC4	42,43,119,120,121,184,188,189
1oxvA_BS01_MG	45,89
1oxvA_BS02_ANP	13,20,40,41,42,43,44,45,46,89,166
1oytH_BS03_CA	182,185
1oytH_BS04_FSN	58,62,65,109,110,111,207,208,213,233,234,235,236,238,239,246
1p2yA_BS01_UUU	87,100,101,108,112,244,247,248,252,253,295,297,299,322,349,350,351,355,357,359,395,396
1p4nA_BS01_UUU	36,38,39,64,70,103,106,142,143,208,209,210,211,215,255,256
1p4nA_BS02_MG	150,165,308,309,310
1p4nA_BS03_MG	64,66
1p4nA_BS04_MG	280,283
1p5rA_BS01_COA	15,16,17,18,38,72,74,75,96,97,101,104,105,124,137,138,169,200
1p77A_BS01_ATR	126,127,128,129,130,149,150,151,154,188,189,190
1pfkA_BS01_FBP	11,72,125,127,169,170,171,222,249,252
1pfkA_BS02_MG	185,187
1pfkA_BS03_ADP	10,11,41,72,73,76,77,102,103,104,105,107,108
1pfkA_BS04_ADP	154,158,185,187,212,213,214,215
1pfkA_BS05_ADP	21,25,54,55,58,59
1pkkB_BS01_DCP	128,138,143,145
1pmnA_BS01_984	70,72,78,91,92,93,124,126,144,146,149,150,151,193,194,206
1pnfA_BS01_UUU	59,60,61,82,118,120,156,191,251
1ppcE_BS01_MID	55,94,96,186,187,188,189,192,207,208,209,210,211,212,219
1ppcE_BS02_CA	67,69,72,73,77
1pphE_BS01_CA	67,69,72,73,77
1pphE_BS02_0ZG	55,96,186,187,188,189,206,207,208,209,210,211,212,219
1pw1A_BS01_HEL	62,120,123,159,161,214,233,285,298,299,300,301,303,326,327
1q41A_BS01_IXM	62,70,83,126,127,128,129,130,132,135,182,193
1q51A_BS01_CAA	57,58,60,61,95,103,104,105,106,107,131,133,134,135,158,162
1q8jA_BS01_C2F	320,323,325,327,390,411,473,505,507,508,511,516,536
1qbuA_BS01_846	25,27,28,29,30,32,47,48,49,50,82,84
1qhiA_BS01_BPG	58,76,81,93,94,118,121,125,150,155,159,163,209
1qjiA_BS01_ZN	92,96,102
1qjiA_BS02_PKF	64,65,66,67,68,71,83,92,93,96,102,149,153,175
1ql9A_BS01_CA	67,69,72,73,74,77
1ql9A_BS02_ZEN	95,96,170,187,188,189,192,206,207,208,209,210,211,212,219,220,221
1qpeA_BS01_PP2	251,259,271,273,288,314,316,317,319,371,382
1qtiA_BS01_GNT	72,84,117,118,121,199,200,288,290,331,440
1r091_BS01_JEN	104,124,126,128,152,188,191,197,221
1r15A_BS01_N	76,77,78,79,97,144,173,174,175,179
1r15A_BS02_NCA	98,107,108,140
1r15A_BS03_NCA	110,111,139,140
1r1hA_BS01_ZN	583,587,646
1r1hA_BS02_BIR	106,542,543,544,579,580,583,584,587,646,689,692,693,711,717
1r55A_BS01_UUU	276,280
1r55A_BS02_ZN	345,349,355
1r55A_BS03_CA	213,296,404,407
1r55A_BS04_097	309,310,311,312,342,345,346,349,355,374,375,376,377
1r58A_BS01_MN	219,251,262,459
1r58A_BS02_MN	262,331,362,364,459
1r58A_BS03_AO5	219,231,251,262,331,339,364,382,384,414,444,459
1r9oA_BS01_HEM	92,107,108,115,285,286,289,290,293,344,349,350,353,356,415,416,417,421,423,424,425,429,432
1r9oA_BS02_FLP	103,108,199,200,203,225,228,280,281,284,285,289,354
1ri1A_BS01_SAH	54,72,74,94,95,122,123,124,140,141,142,145
1ri1A_BS02_GTG	50,51,54,80,81,106,284
1rn8A_BS01_DUP	68,84,87,88,89,90,93,98
1rsdA_BS01_PSB	18,71,72,73,74,104,105,106
1ryaA_BS01_MG	50,70,123
1ryaA_BS02_GDP	3,4,9,37,39,50,51,52,70,94,103,123
1rzuA_BS01_ADP	304,326,327,353,354,355,381
1s19A_BS01_MC9	143,147,176,182,183,186,220,223,224,227,235,237,244,249,254,258,346
1s3fA_BS01_SNI	11,13,14,44,45,65,69,73,93,99
1s3vA_BS01_TQD	7,8,9,21,22,30,31,34,35,59,61,64,67,115,136
1s7lA_BS01_COA	34,38,98,99,100,105,106,107,108,109,110,111,134,138,140,141,143,147
1sbyA_BS01_NAD	12,15,16,17,37,62,63,64,91,92,93,106,136,137,138,151,155,181,182,183,184,186,188,189
1sbyA_BS02_ETF	95,138,140,151,183,188,189
1sgcA_BS01_III	48,66,129,131,134,147,148,149,150,151,152,167,168,169,170,179,180
1sj0A_BS01_E4D	343,346,347,350,351,353,354,383,387,394,404,421,521,524,525,530
1sqfA_BS01_SAM	254,255,256,257,258,259,260,277,278,282,302,303,304,322,324
1sqnA_BS01_NDR	713,716,717,719,723,754,757,764,795,799,887,888,906
1sthA_BS01_CO	21,35,40,41
1sthA_BS02_THP	35,40,83,84,85,87,89,113,115
1svwA_BS01_MG	34,35,57,73,74
1svwA_BS02_GTP	31,32,33,34,35,36,50,51,52,55,56,57,76,138,140,141,171
1swkA_BS01_BTN	23,25,27,43,45,47,48,49,79,86,88,90,92,108,128
1sz3A_BS01_GNP	13,15,43,46,47,48,66,84,86,90,92
1sz3A_BS02_GNP	1,2,4
1szjG_BS01_NAD	6,7,8,9,10,11,30,31,32,33,76,94,95,96,118,119,148,179,312,316
1teiA_BS01_UUU	12,13,14,15,16,98,99,100,168,205,207,208,224,226,227,228,229
1teiA_BS02_MN	8,10,19,24
1teiA_BS03_CA	10,12,14,19
1theA_BS01_0E6	23,27,28,29,30,69,72,73,74,75,173,176,196,198,199,245
1thlA_BS01_CA	138,177,185,187,190
1thlA_BS02_CA	177,182,183,185,190
1thlA_BS03_CA	57,59,61
1thlA_BS04_CA	193,194,197,200
1thlA_BS05_ZN	142,146,166
1thlA_BS06_0DB	110,111,112,113,130,139,142,143,146,157,166,203,231
1tjwA_BS01_AS1	29,114,115,116,205,323,328,331
1tkyA_BS01_A3S	73,77,94,95,104,156,159,164,168,170,180,181,182,183
1towA_BS01_CRZ	16,20,38,57,75,76,78,117,126,128
1tvpB_BS01_CBI	27,28,33,256,261,263
1txcA_BS01_2AN	36,57,59,138,141
1txcA_BS02_2AN	55,57,64,66,68,84,89,99,138,139
1txcA_BS03_2AN	144,147,148,151
1tywA_BS01_UUU	236,237,285,302,303,307,309,331,337,359,363,365,366,369,370,391,392,395
1u4dA_BS01_DBQ	134,156,158,182,197,198,199,200,249,251,262
1u72A_BS01_NDP	8,9,16,17,20,21,22,24,53,54,55,56,59,75,76,77,78,91,115,117,118,119,120,121,146
1u72A_BS02_MTX	7,8,9,22,30,31,34,35,59,60,61,64,67,70,115,121,136
1u7zA_BS01_PMT	212,213,214,215,216,273,274,275,276,277,279,301,302,303,304,319,320,322,334,338,346,355,356,378
1uamA_BS01_PO4	9,114,115
1uamA_BS02_SAH	86,87,88,89,90,113,115,116,117,132,133,134,136,137,138,139,140,141,144
1ucdA_BS01_U5P	9,34,71,72,73,74,80,83,84,87,88
1ucdA_BS02_URA	5,37,39,42,44
1uf8A_BS01_ING	46,126,130,131,143,145,171,172,174,175,196,197,201
1um0A_BS01_FMN	103,104,123,125,240,241,242,296,298,299,300,327,330
1um0A_BS02_FMN	280,281
1umlA_BS01_ZN	15,17,214,295
1umlA_BS02_FR4	17,19,58,61,62,65,106,155,184,185,217,269,296
1unlA_BS01_RRC	10,11,12,18,31,64,80,81,83,84,85,86,130,133
1uouA_BS01_CMU	116,117,118,146,148,151,152,199,202,214,217,218,221
1uvsH_BS02_I11	62,65,109,181,201,202,203,204,227,228,229,230,232,233
1uvtH_BS02_I48	58,62,65,109,110,111,207,208,213,234,235,236,238,246
1uyyA_BS01_CA	7,9,29,123
1uyyA_BS02_CA	16,33,35,38
1uyyA_BS03_BGC	13,39,41,43,73,74,75,76
1v0pA_BS01_PVB	10,11,12,13,18,30,63,79,80,81,82,83,85,88,129,132,142
1v0yA_BS01_HI5	90,163,165,167,182,432,434,449,451
1v3sA_BS01_ATP	7,35,36,37,38,39,73,74,75,76,77
1v3sA_BS02_ATP	27,28,29,49,50,51,88
1v48A_BS01_HA1	32,33,78,80,109,110,111,112,194,195,211,212,213,214,237
1vcjA_BS01_IBA	116,117,149,150,154,177,178,226,245,275,276,292,374,409
1vcuA_BS01_DAN	21,41,46,85,86,111,179,181,217,218,234,297,327
1vh3A_BS01_CMK	8,9,10,55,56,57,58,61,81,82,83,125,140,168,170,172,196,197,198
1vpsB_BS01_UUU	72,77,78,80,81,83,93,94,291,293,298
1w1pA_BS01_GIO	10,51,96,97,142,144,212,214,403
1wnzA_BS01_2VA	227,228,229,230,233,309,310,313,318,319,324,328
1wopA_BS01_FFO	51,83,96,98,100,110,112,168,169,187,188,195,227,236,256,362
1wopA_BS02_FFO	55,106,108,137,160,173,174,175,180,181,182,197
1wq1G_BS01_UUU	785,789
1wxiA_BS01_MG	52,165
1wxiA_BS02_AMP	136,140,172,173,247,248
1wxiA_BS03_AMP	46,47,48,53,82,83,88,142,160,165,176
1x2bA_BS01_STX	45,46,112,113,114,136,204,232,236
1x55A_BS01_NSS	168,188,190,211,220,221,224,226,228,333,357,358,359,360,364,402,403,405,408,419
1x6uA_BS01_DO8	26,55,62,95,113,115,117,138,199,202,225,227,240
1x7pA_BS01_SAM	210,211,212,231,232,233,234,235,236,237,251,252,254,261,263,266
1x8xA_BS01_TYR	37,39,41,71,81,175,179,182,195,201
1xdhA_BS01_UUU	15,32,34,36,37,75,76,77,78,79,131,192,214,216,217,218,219,300
1xdhA_BS02_UUU	241,242
1xm6A_BS01_ZN	238,274,275,392
1xm6A_BS02_5RM	393,395,407,410,411,414,442,443,446,497
1xnyA_BS01_191	80,109,112,142,143,144,145,146,147,153,156,182,183
1xnyA_BS02_BTN	347,378,379,381,417,418,419,420
1xnyA_BS03_191	418,419,444,453,456
1xnyA_BS04_BTN	182,205,206
1xoqA_BS01_ZN	164,200,201,318
1xoqA_BS02_ROF	160,271,273,318,319,321,322,329,332,333,336,357,368,369,372
1xozA_BS01_ZN	617,653,654,765
1xozA_BS02_CIA	612,768,769,776,783,784,787,805,814,817,818,821
1xpyC_BS01_MG	168,170,195,220,245
1xpyC_BS02_NLQ	26,30,142,168,170,269,297,298,299,329
1xqpA_BS01_8HG	31,58,59,69,140,144,170,172,218,222
1xqpA_BS02_8HG	85,86,89,106,110
1xtbA_BS01_S6P	157,158,159,209,210,211,214,271,272,353,357,511
1xvtA_BS01_COA	23,24,25,45,71,72,73,74,95,96,97,100,103,104,124,138,139,169,200
1xz8A_BS01_MG	87,88,89
1xz8A_BS02_UUU	41,88,89,91,92,93,94,95,120,143,144
1y2vA_BS01_III	28,29,48,49,72,73,74,98,107
1y30A_BS01_FMN	32,34,35,36,37,50,55,56,57
1y3iA_BS01_NAD	20,21,24,44,47,48,94,95,132,135,136,137,140
1y6bA_BS01_AAX	838,844,862,864,879,908,910,911,912,913,914,916,917,969,981
1y8eA_BS01_SVR	214,220,221,222,241,243,244
1ybuA_BS01_MN	302,303,306,346
1ybuA_BS02_APC	302,305,306,308,345,346
1ydrE_BS02_IQP	50,57,70,121,122,123,127,170,171,173,183,327
1ydsE_BS02_IQS	49,50,57,70,120,121,122,123,127,170,173,183,184,327
1ydtE_BS02_IQB	49,50,51,52,54,55,57,70,74,120,121,122,123,170,171,173,183,327
1yfrA_BS01_MG	174,191,194
1yfrA_BS02_ATP	85,86,87,191,194,219,221,224,235
1ygcH_BS01_CA	73,75,78,79,83
1ygcH_BS02_CA	114,116
1ygcH_BS03_905	56,59,101,102,105,201,202,204,207,225,226,227,228,230,231,238
1yqyA_BS01_ZN	686,690,735
1yqyA_BS02_915	328,653,655,656,657,658,675,677,686,687,690,728,735,739
1ytjA_BS01_III	25,27,28,29,30,46,47,48,84
1ytmA_BS01_MN	206,225,263
1ytmA_BS02_ATP	225,244,245,246,247,248,249,250,263,282,327,435,443,444,446,449
1ytmA_BS03_OXD	60,206,225,244,263,327,407
1yvfA_BS01_PH7	193,197,200,316,366,368,384,410,411,414,415,446,448,556
1ywrA_BS01_LI9	30,35,51,53,104,105,106,107,108,109,111,112,167
1z95A_BS01_198	704,705,707,708,711,741,742,745,746,749,752,764,787,865,869,887,891
1zajA_BS01_M2P	31,33,35,38,107,146,148,187,229,271,272,301,302,303
1zdfA_BS01_MN	101,103,211
1zdfA_BS02_UPG	8,9,10,11,14,81,101,102,103,132,133,134,163,211,213,217
1znzA_BS01_GDP	53,57,60,69,88,90,92,99,100
1zt9A_BS01_TRP	40,41,43,44,45
1zt9A_BS02_TRP	54,57,81,85,88
1zu0A_BS01_CBS	7,8,9,10,203,219,220,221,362,364,365,408,409,410,435,436,488,512
1zu0A_BS02_MN	337,339,341,343,345
2ahwA_BS01_COA	281,299,302,303,304,326,362,363,365,366,375,378,379,383,385,388,391
2aibA_BS01_ERG	15,16,33,35,42,47,59,60,63,75,76,84,87
2artA_BS01_MG	135,137,138,148,149
2artA_BS02_UUU	18,46,72,77,79,80,81,85,132,135,138,145,147,148,149,161,162,163,165,173,177,186
2ateA_BS01_NIA	15,16,18,19,43,44,45,46,70,71,73,75,76
2b3dA_BS01_FAD	24,25,27,28,29,30,31,32,34,79,80,81,82,83,135,136,137,138,182
2b3dA_BS02_FAD	98,119
2b99A_BS01_RDL	12,41,42,43,44,66,67,68,73,76
2b99A_BS02_RDL	99,104,118,122,145
2b99A_BS03_RDL	96,97,122
2bawA_BS01_B7G	296,297,300,301
2bawA_BS02_B7G	278,282,303,304,453,456,457,459
2bawA_BS03_VCA	250,259,266,270,273,274,308,324,326,333,434,438,454,458
2bbwA_BS01_GP5	14,15,16,17,18,19,20,36,40,64,66,69,89,92,122,123,126,137,140,170,198,199
2bogX_BS01_UUU	41,111,115,153,156,182,183,184,225,253,254,257,259,265
2br1A_BS01_PFP	15,16,23,36,81,82,83,84,87,88,134,144
2bsmA_BS01_BSM	48,51,52,55,58,93,96,97,98,107,108,138,184,186
2c6zA_BS01_CIR	29,72,75,77,78,97,128,144,172,267,268,269,273
2c96A_BS01_ATP	9,15,38,39,40,41,42,43,44,94,176,213,214
2chtF_BS01_TSA	7,78,90,108
2chtF_BS02_TSA	57,59,60,73,74,75
2chzA_BS01_093	710,716,735,771,783,784,785,786,789,854,856,864,866,867
2csnA_BS01_CKI	18,26,39,59,85,86,88,89,94,138,153,154
2cwhB_BS01_NDP	157,236,237
2cwhB_BS02_NDP	54,126,128,129,130,148,150,166,168,183,184,185,186,309,311,312,314,315
2cwhB_BS03_PYC	54,58,150,151,166,191,192,193
2cx8A_BS01_SAH	158,159,160,180,181,182,183,184,185,202,204,205,207,208,209,211,214
2d29A_BS01_FAD	125,127,128,133,134,158,159,160,207,364,371,373
2dkcA_BS01_16G	360,361,362,379,381,383,504,506,507,508,513
2dkcA_BS02_PO4	30,66,67,287,383
2dkcA_BS03_ZN	66,282,284,286
2dptA_BS01_TAR	160,163,164,165,166,167
2dptA_BS02_PUY	47,49,59,108,144,153,155,156,157,158,170,173,185,187,188,189,191
2dttB_BS01_H4B	24,27,76,77,78,105
2dttB_BS02_H4B	45,47,48,49
2dveA_BS01_BT5	21,22,23,42,45,46,47,48,52,53,54,62,103,104,111,114,116,128,129,131,137,140
2dyaB_BS01_ADP	15,55,58,63,67,91,97,108,118,119,121
2dzbA_BS01_HH2	34,36,86,105,127,129,174,179,204,206,210,245,247
2e0nB_BS01_SAH	14,102,103,104,107,108,132,133,177,178,200,202,203,205,224,225,226,227
2e1tA_BS01_MLC	170,174,175,178,260,271,272,273,274,275,276,300,301,302,303,307,381,382,384
2e3rA_BS01_18C	431,437,441,462,464,465,467,470,477,499,520,545,559,560,567,568,571
2e5mA_BS01_NAP	35,96,98,99,101,105,321,324,325,329,330,337,377,380
2e6uX_BS01_CA	92,95
2e6uX_BS02_COA	29,31,33,36,37,56,57,58,59,84,85,86,89,93,108,109,110,132,134,135
2e9zA_BS03_MG	238,339,384
2e9zA_BS04_UTP	164,168,179,180,181,245,298,338
2ed4A_BS01_FAD	27,28,29,30,31,32,33,34,48,49,50,53,54,55,80,81,82,83,84,85,116,137
2ed4A_BS02_NAD	6,9,33,116,137,140
2f9wA_BS01_PAU	92,97,99,101,102,142
2f9wA_BS02_PAU	159,180
2fa0A_BS01_HMG	31,33,34,37,38,83,116,117,151,155,156,159,247,249,250,252,253,256,326,328,358,359
2fhjA_BS01_MFN	95,98,122,123,126,127
2fhjA_BS02_MFN	46,48,49,200,207,209,218,219,220
2fhjA_BS03_H4Z	14,16,47,166,170,209,210,211,221,245,281,285
2fk8A_BS01_SAM	41,42,43,80,81,83,103,104,108,131,132,133,145,146,147,150,151
2fsgA_BS01_ATP	81,82,84,87,105,106,107,108,109,110
2fv0A_BS01_UUU	26,27,42,87,88,91,149,211,219,221,225,338,339,344,345
2fzsB_BS01_CMQ	67,68,69,70,97,98,122,124,125,141,142,149
2g25A_BS01_TDK	522,569,571,599,602,606,636,640
2g25A_BS02_MG	230,260,262
2g25A_BS03_TDK	106,109,140,142,192,194,229,230,231,232,235,260,262,264,392,407
2g97A_BS01_DGB	179,181,207,230,232,295,297,299,337,339,364,365,367
2gfxA_BS01_PMN	163,205,206,207,270,271,272,303,307,308,309,310,340,398,399,400
2ggaA_BS01_S3P	28,29,33,101,173,174,175,200,326,353
2ggaA_BS02_GPJ	28,98,99,100,101,128,175,326,354,357,404,405
2gj5A_BS01_VD3	38,39,41,43,56,60,62,71,84,86,105,107
2gj5A_BS02_VD3	137,140,141,143,145,146,147,148
2gteA_BS01_VA	6,52,55,57,58,64,69,73,76,81,84,85,88,89,106,109,113,121,122,123,124
2gwhA_BS01_A3P	55,56,57,58,59,60,137,145,200,234,235,236,239,262,263,264,265,266
2gwhA_BS02_PCI	88,93,113,115,149,153,156,176,247,255
2gz3A_BS01_NAP	9,11,12,13,14,36,37,39,40,57,71,72,73,76,94,95,158,159,161,162,325,326,329,330
2gz3A_BS02_AS2	127,128,155,159,209,220,245,252
2hblA_BS01_ZN	238,240,365
2hblA_BS02_MN	238,239,296
2hblA_BS03_AMP	238,239,240,241,299,342,345
2hixA_BS01_ATP	245,246,247,248,252,267,297,337,399,401,414,418,420,422
2hk1A_BS01_FUD	67,68,107,108,113,151,157,184,187,210,216,245
2hk1A_BS02_MN	151,184,210,245
2hl0A_BS01_A3S	19,43,45,80,81,82,89,94,117,118,119,120,121
2hobA_BS01_3IH	25,26,41,49,140,141,142,143,144,145,163,164,165,166,168,172,187,189,190,191,192
2hxmA_BS01_302	143,144,145,147,157,158,169,204,246,247,248,268,270
2hzqA_BS01_STR	34,44,46,58,89,98,127,129
2i4nB_BS01_5CA	109,111,140,149,150,152,155,157,159,202,282,283,284,285,287,315,316,317,319,322
2i56A_BS01_RNS	57,101,179,219,221,254,257,281,289,327
2i56A_BS02_ZN	219,254,281,327
2i56A_BS03_ZN	257,289
2ihzA_BS01_LBT	34,35,63,112,141,144,270,313
2ihzA_BS02_CSF	36,37,63,141,142,143,144,266,268,270,309,310,311,312,335,336,337,338,355,356,357
2ioaA_BS01_MG	318,320,518
2ioaA_BS02_MG	306,318
2ioaA_BS03_GGA	229,304,306,318,320,323,324,325,375,379,380,426,427,430,518,519,578,587,590
2ioaA_BS04_ADP	306,317,318,478,511,513,518,519,520,523,548,549,550,551,552,553,562,583,585
2irxA_BS01_MN	140,142,181
2irxA_BS02_GTP	55,67,114,140,142,175,177,178,179,181,233,239,247,249
2ixlA_BS01_TRH	61,73,76,78,82,127,140,146
2ixlA_BS02_TRH	33,36,38
2j4eB_BS01_ITT	14,15,16,19,44,56,73,88,89,92,149,150,151,152,172,177,178
2j72B_BS01_GLC	27,29,35,36,37,38,67,73,76,81
2j8yA_BS01_PNM	60,61,96,97,122,124,161,202,219,220,221,222
2jbtA_BS01_FMN	112,116,146,147,148,169,170,171,220,392,396,397
2jbtA_BS02_4HP	116,120,146,148,263,266,267,396,398
2jbtA_BS03_FMN	292,295,296,373,374,375
2jgvD_BS01_ADP	222,224,225,244,246,249,252,253,256,278,281,282
2ntyC_BS01_GDP	16,18,19,20,21,116,118,119,156,157,158
2oalB_BS01_FAD	12,13,14,15,16,37,38,39,41,49,50,195,196,197,227,228,233,284,328,348,352,355,360,361
2oecB_BS01_K	1049,1068,1069,1073
2oecB_BS02_ANU	1069,1094,1095,1096,1166,1196,1197,1198
2ovdA_BS01_DAO	56,75,110,112,114,121,123
2pknA_BS01_ACP	195,223,224,225,228,243,244,246,255,284,285,288
2q6vA_BS01_UDP	228,229,230,231,253,254,272,273,275,278,292,305,306,307,310
2q71A_BS01_CP3	37,38,39,40,41,46,55,82,83,84,85,86,87,100,106,154,164,217,219,339
2qehA_BS01_SRO	3,7,21,22,24,35,36,39,94,110,111,114,135
2qo9A_BS01_ANP	629,630,635,651,699,700,701,702,706,753
2qttA_BS01_ADE	117,118,181,199,200,201,225
2qv7A_BS01_MG	200,203,205
2qv7A_BS02_ADP	10,12,14,41,42,43,44,66,67,69,70,73,93,94
2qwiA_BS01_UUU	200,201,221
2qwiA_BS02_NAG	83,84,86,235
2qwiA_BS03_CA	294,295,298,325,347,348
2qwiA_BS04_G20	118,119,151,152,156,179,223,225,228,247,277,278,371,405
2qyqA_BS01_PTR	70,84,86,109,110,111,118,120,181,184
2qzzA_BS01_NAP	14,16,17,18,19,38,39,42,44,82,83,85,87,110,111,112,113,132,152,154,158
2qzzA_BS02_EMF	85,113,114,152,153,157,158,258,261,262,265,312,314
2r68A_BS01_SUP	16,33,34,35,96,128,151,152,157,180
2r7aA_BS01_HEM	30,31,32,51,52,67,87,111,169,170,171,172,181,182,183,201,257,258
2rfhA_BS01_ZN	69,72,196
2rfhA_BS02_23N	69,72,127,144,145,196,243,247,250,268,270
2rjcA_BS01_MES	355,358,361,363,379,382,386
2rjcA_BS02_MES	459,461,462,467,483,486,490
2rk2A_BS01_NAP	36,67,68,69
2rkmA_BS01_III	32,33,34,37,109,397,416,417,418,419,436,438
2royA_BS01_P28	15,17,108,117,118,119
2simA_BS01_DAN	37,38,56,62,99,100,128,175,246,309,342
2uyqA_BS01_SAM	98,100,120,148,149,150,151
2v8lA_BS01_ZN	1,12
2v8lA_BS02_GLC	29,32,33,34,58,68,70
2vaqA_BS01_VAW	149,151,176,179,180,208,226,276,277,306,307,309,323,324
2varA_BS01_UUU	11,33,34,35,90,104,106,108,137,166,254,255,258,294
2varA_BS02_UUU	164,166,226,228,229,231,232,246,250,255,256,257,258,260,282,285,289
2vcjA_BS01_2EQ	48,51,52,55,93,96,97,98,102,107,108,109,138,184,186
2vfcA_BS01_COA	69,70,95,97,98,109,110,130,131,132,152,169,170,204,209,210,220,222,229,232,236
2vflA_BS01_C5P	134,179,183,219,224,226
2vkmA_BS01_BSD	60,61,78,80,82,83,118,119,120,121,156,158,163,166,174,246,276,277,278,279,280,281,283,373,383
2vu9A_BS01_MG	1089,1093
2vu9A_BS02_UUU	1266,1276
2vu9A_BS03_UUU	1117,1202,1203,1252,1253,1264,1266,1267,1275,1276
2w1aC_BS01_TSA	35,39,42,46,54,55,58,59,81,85
2wn7A_BS01_NAD	300,301,305,306,338,340,343,344,354,357
2wvaA_BS01_TPU	389,390,413,414,415,439,440,441,442,445,467,469,470,471,472,473
2wvaA_BS02_MG	440,467,469
2wvaA_BS03_TPU	25,26,50,75,114
2wzmA_BS01_NA7	30,195,196,197,198,199,200,201,204,221,236,238,239,240,244,247,248,274
2x4oA_BS01_III	7,9,45,59,63,66,67,70,73,77,81,84,97,99,116,143,146,147,152,159,167,171
2x60A_BS01_GTP	7,8,9,10,11,12,13,14,25,56,80,83,84,85,86,89,108,326
2yw2A_BS01_ATP	103,141,143,148,150,152,153,185,186,187,188,192,214,224,282,283
2yw2A_BS02_PO4	11,71,287,290,378
2yw9D_BS01_NAP	15,16,17,21,22,42,46,65,66,67,93,94,95,96,120,145,146,164,190,191,192,193,195
2ywcA_BS01_XMP	289,367,368,369,409,468,472,473,474
2yyuB_BS01_C5P	10,12,34,124,183,186,211,212
2z09A_BS01_ACP	8,9,10,36,37,38,74,92,93,95,96,97,98,99,106,107,108,109
2z0xA_BS01_5CA	31,32,48,49,50,51,52,86,87,89,100,101,129,136
2za1A_BS01_OMP	23,102,104,136,138,194,195,240,264,267,268,269,293,294
2zasA_BS01_1OH	268,271,272,275,306,309,316,326,345,349,435
2zcpA_BS01_FPS	22,41,44,45,48,137,141,168,171,172
2zcpA_BS02_FPS	18,19,20,21,22,41,45,134,138,145,157,160,161,164,165,168,171,233,248,265
2zcpA_BS03_MG	168,172
2zcpA_BS04_MG	48,52
2zdqA_BS01_DAL	13,16,82,229,268,284,288,293,294
2zdqA_BS02_ATP	116,131,151,153,158,159,160,163,189,190,191,192,197,218,222,223,228,268,270,272,281,282,284
2zgmB_BS01_LAT	42,43,59,63,72,80,83,85
2zgzA_BS01_MG	7,73,101
2zgzA_BS02_GNP	8,9,10,11,13,172,173,174,175,226,227,281,284,285,308
2zhzB_BS01_ATP	11,12,13,18,19,28,33,37
2zhzB_BS02_ATP	129,132,133,153
2zjaA_BS01_ACP	21,23,25,28,48,51,52,53,54,145
2zu3A_BS01_ZU3	40,71,125,126,127,128,142,144,145,147,161,162,163,164,165
3a0tA_BS01_ADP	661,665,689,694,702,707,708,709,710,713,714,715,717,718,744
3a2sX_BS01_SUC	7,9,42,108,110,338,340
3a5rA_BS01_HC4	156,157,203,204,258,260,329,368
3aaqA_BS01_ARU	51,52,53,56,183,184,185,227,228,294,295,298,340,342,346
3adpA_BS01_NAI	15,16,17,36,37,41,94,95,96,97,102,105,122,124,145,146,148
3b3fA_BS01_SAH	150,151,154,160,163,169,193,194,195,198,199,215,216,241,242,243,244,258,269,272
3b4yA_BS01_F42	38,39,40,73,74,76,106,107,108,109,112,125,175,176,177,178,179,180,181,193,195,230,260
3b4yA_BS02_FLC	44,109,195,198,232,252,259,260,283
3b6aA_BS01_ZCT	87,90,92,111,125,126,130,134,135,137,138,139,164
3b6rB_BS01_NO3	132,232,236,320
3b6rB_BS02_ADP	128,130,132,191,240,292,294,295,296,320,322,323,324,325,335
3b6rB_BS03_CRN	71,72,201,232,283,285
3bazA_BS01_NAP	76,104,151,152,153,154,155,173,174,175,176,202,203,204,209,230,231,232,256,279,281
3btsB_BS02_NAD	23,24,26,29,30,31,55,93,94,95,96,98,99,122,123,151
3bynA_BS01_RAF	85,86,109,163,164,246,247,340,360,363,411
3bynA_BS02_CA	241,264,272,308,310,339
3c2fA_BS01_PRP	142,144,235,236,250,251
3cagA_BS01_ARG	125,128,129,132,142,143,144
3cagA_BS02_ARG	145,146,147,148
3cagA_BS03_ARG	121,146
3cagA_BS04_ARG	122,124,125,145,146
3cgyA_BS01_RDC	390,394,416,419,420,421,423,425,429,449
3cpaA_BS01_III	69,72,144,145,196,197,243,248,250,253,256,270
3cpaA_BS02_ZN	69,72,196
3crrA_BS01_DPO	14,15,16,17,18,19,138
3cwkA_BS01_REA	15,19,31,32,36,39,54,58,59,76,121,132
3cxiA_BS01_VIT	2,3,5,6,16,17,18,21,22,28,29,30,51
3cxiA_BS02_VIT	30,31,113
3d1gA_BS01_322	152,172,174,175,176,242,243,247,346,360,362
3d4pA_BS01_NAD	15,16,17,38,39,81,82,83,84,120,121,122,145,149,177,230,234
3d4pA_BS02_PYR	122,149,153,177,220,230
3dsrA_BS01_ADP	139,282,283,284,288,290,291,294,298,318
3du4A_BS01_PLP	112,113,114,146,147,148,217,251,253,254,280
3du4A_BS02_KAP	53,146,149,162,280,410
3du4A_BS03_PLP	316,317
3du4A_BS04_KAP	82,315,317
3duwA_BS01_SAH	42,43,67,69,72,73,91,92,96,120,139,141,142,143,150
3dwrA_BS01_0PA	37,39,62,64,245,246,250
3dwrA_BS02_0PA	78,236,237,249,250,252,253
3dwrA_BS03_0PA	64,66,75,76,77,78,94
3dzlB_BS01_3OC	41,77,81,84,86,124,140
3dzlB_BS02_3OC	73,76,112,147
3e3sA_BS01_I3C	82,83
3e3sA_BS02_I3C	20,21,78,79
3e3sA_BS03_I3C	166,171
3e3sA_BS04_I3C	49,80,81,87,106
3efvA_BS01_NAD	134,135,136,137,138,143,146,161,162,163,194,197,212,213,214,217,220,235,236,237,269,366,368,432
3egvA_BS01_SAH	99,100,107,128,129,130,134,149,150,151,175,191,192,196
3egvA_BS02_4MM	99,106,191,192,193,218,247
3ej0A_BS01_11X	53,54,75,76,77,117,118,131
3ej0A_BS02_11X	128,130,131
3ek5A_BS01_GTP	100,108,109,110,111,112,118,127
3ek5A_BS02_GTP	115,117,118,121,125
3ergA_BS01_GTS	27,28,29,30,53,58,71,72,85,86,133
3erkA_BS01_SB4	37,50,52,82,101,103,104,106,109,151,154
3ertA_BS01_OHT	343,346,350,351,353,383,387,394,404,421,428,521,525
3exsA_BS01_5RP	11,13,66,119,165,167,187,188
3f1kA_BS01_NAP	19,22,23,24,44,69,70,71,72,99,100,101,150,151,152,165,169,194,195,196,197,199,201,202
3f47A_BS01_UUU	6,7,9,10,13,63,64,65,114,115,118,135,148,149,150,158,175,176,177,201,202,204,205,206
3ftfA_BS03_SAH	8,10,11,12,13,38,39,40,41,42,43,59,60,61,83,84,101,103
3fwrA_BS01_ADP	123,125,126,127,128,149,154,155,174,175,176,177
3g1xA_BS01_U	18,20,42,126,127,180,185,202,203
3g1xA_BS02_U	75,76,79
3gd9A_BS01_UUU	154,155,156,158,163,164,165,167,169,305,306,368,371
3gdlA_BS01_UP6	35,37,59,61,91,93,153,154,202,215,217,234,235
3gdlA_BS02_UP6	96,97,100
3gh6A_BS01_GSH	9,11,39,51,52,53,54,65,66,67,102
3gidA_BS01_S1A	274,277,278,281,565,568,569,573,574,623,643,645,658,659,660
3gplA_BS02_ANP	323,328,347,348,349,350,351,352,353,451,477,478,637,664
3gpoA_BS01_APR	9,10,11,22,24,30,31,32,33,34,36,108,110,111,112,113,114,144,148
3gqkA_BS01_ATP	746,779,781,784,785,786,787,789,792,795
3h18A_BS01_PMS	76,77,80,144,145,174,199,265
3h18A_BS02_PMS	33,75,76,85,86,89,143,144,266,269
3h2kA_BS01_BOG	130,168,169,200,207,210,211,213,220,223,226,227,279,282,286,291,331
3h2kA_BS02_BOG	222,267,268,369
3h39A_BS01_ATP	41,42,45,57,119,120,124,164,166,167,170,173,174,177,213
3h72A_BS01_SIA	347,348,366,372,416,417,434,442,443,590,602,647,663,721,752
3hitA_BS01_DYN	71,72,73,74,121,123,169,174,177,206,207,208,209,210,214,233,254
3hiyA_BS01_UTP	52,53,54,64,65,67,138,141,142,164,168,181,182,183,335,342,345
3hiyA_BS02_MG	54,65,67
3hp8A_BS01_SUC	42,43,44,45,46,53,54,81,82,83
3hp8A_BS02_SUC	1,2,3,5,6,24,25,98,99,100,101
3hpiA_BS01_SUC	12,14,62,63,65,66,111,153,154,155,340
3hvlA_BS01_SRL	230,231,233,234,238,268,272,275,286,293,304,305,388,392,395,401,406,410
3hvoA_BS01_VGI	415,418,419,470,471,494,524
3i0dA_BS01_UDP	121,122,123,126,201,202,203
3i6cA_BS01_GIA	59,61,130,131,134,154,157
3i6cA_BS02_GIA	74,75,80,88,110
3i8xA_BS01_GDP	13,14,15,16,17,18,117,118,120,121,146,147,148
3idoA_BS01_EPE	7,8,9,10,11,12,13,44,45,123,125
3iesA_BS01_M24	240,241,242,310,311,312,313,333,334,335,336,337,338,341,342,343,357,417,432
3iiqA_BS01_UUU	82,83,84,85,87,88,90,125,126,127,128
3iiqA_BS02_JZA	88,90,249,250,251,279
3iiqA_BS03_TRT	104,269,293
3in1A_BS01_ADP	196,227,229,230,232,246,255,284,287
3jynA_BS01_NDP	42,46,123,124,127,130,148,151,152,153,172,173,177,192,216,238,239,240,241,242,263,264,265,266,312,313,315
3kakA_BS01_3GC	147,167,168,169,170,232,235,237,289,292
3kbnA_BS01_NI	217,220,255,257
3kbnA_BS02_NI	181,217,245,287
3kbnA_BS03_GLO	54,90,135,137,181,183,217,220,245,287
3kdiA_BS01_A8S	64,87,93,96,121,124,166,169,173
3kjgA_BS01_ADP	10,11,12,13,14,15,40,191,192,215,216,217,218,221
3kp5A_BS01_KAN	19,20,31,38,39,41,42,61,98
3ku1A_BS01_SAM	5,6,23,46,47,51,74,75,91,92,93,97,101
3kv8A_BS01_FAH	23,41,42
3kv8A_BS02_FAH	50,120
3kv8A_BS03_FAH	26,33,41,42,43
3kv8A_BS04_FAH	76,78,79
3kv8A_BS05_FAH	68,69
3lbzA_BS01_Z88	7,8,9,10
3lbzA_BS02_Z89	21,24,25,28
3lbzA_BS03_Z89	51,52,54,55,58
3lbzA_BS04_Z88	9,10
3ldkA_BS01_SUC	60,78,118,119,143,144,190,292,318,398
3ll3A_BS01_ATP	258,259,298,299,302,315,319,399,400,401
3ll3A_BS02_DXP	127,295,339,341,342,348
3ll3A_BS03_XUL	77,78,79,237,279,293,342
3lzzA_BS01_GDP	24,25,31,33,54,56,140
3m4eA_BS01_BCD	113,147
3manA_BS01_UUU	30,31,59,86,249,253,254,255
3maqA_BS03_DGT	412,413,414,415,416,417,470,486,490,493,539,540
3maqA_BS04_MG	412,413,540
3maqA_BS05_MG	412,540
3nk7A_BS01_SAM	186,187,209,210,211,214,227,229,231,237,238,239,240,243
3nk7A_BS02_SAM	126,156
3stdA_BS01_MQ0	23,43,46,47,68,99,101,120,124,140,142,144,155,158
3ts1A_BS01_TYA	34,36,38,47,48,51,68,73,78,123,169,173,176,191,192,194,195,220,221
4dfrA_BS01_MTX	5,6,7,27,28,31,32,49,50,52,54,57,94,100
4f10A_BS01_UUU	67,80,88,134,137,141,191,239,245,246,249,306,312,313,342
4stdA_BS01_BFS	30,50,75,76,106,108,110,127,129,131,147,149,151,158,162,165
5galB_BS01_UUU	49,51,53,62,69,72
5stdA_BS01_CA	163,164,167
5stdA_BS02_UNN	50,53,69,75,106,108,110,127,129,131,147,149,151,158
5tlnA_BS01_CA	138,177,185,187,190
5tlnA_BS02_CA	177,182,183,185,190
5tlnA_BS03_CA	57,59,61
5tlnA_BS04_CA	193,194,197,200
5tlnA_BS05_ZN	142,146,166
5tlnA_BS06_BAN	112,113,130,133,139,142,143,146,166,188,202,203,226,231
7dfrA_BS01_FOL	7,20,27,28,31,32,46,50,54,57,94,113
7dfrA_BS02_NAP	6,7,14,16,18,19,20,22,43,44,45,46,62,63,64,76,94,95,96,97,98,99,100,102,123
7estE_BS01_0Z2	60,103,104,182,199,200,203,221,222,223,224,226
7estE_BS02_CA	74,76,77,78,79,81,84
7estE_BS03_DMF	24,27,30,73,74,75,123,160
830cA_BS01_ZN	222,226,232
830cA_BS02_ZN	172,174,187,200
830cA_BS03_CA	179,180,181,182,183,184,202,205
830cA_BS04_RS1	184,185,186,218,219,222,223,226,232,239,241,242,243,244,245
966cA_BS01_ZN	218,222,228
966cA_BS02_ZN	168,170,183,196
966cA_BS03_CA	175,176,177,178,180,198,201
966cA_BS04_CA	158,190,191,192,194
966cA_BS05_CA	124,199,201,203
966cA_BS06_RS2	180,181,182,215,218,219,222,228,235,237,238,239,240,241
3ct5A_BS01_NAG	45,54,69,70,71,106,136,137,138,139,140
