13gsA_BS01_GSH	8,9,14,39,45,52,53,54,65,66
13gsA_BS02_SAS	9,10,11,14,36,105,109,203,206
148lE_BS02_UUU	11,20,22,24,26,30,32,70,104,105,106,107,142
1a26A_BS01_CNA	165,229,242,246,323,324,325,327
1a2kC_BS01_GDP	12,13,14,15,16,17,18,115,116,118,119,143,144,145
1a42A_BS01_ZN	91,93,116
1a42A_BS02_BZU	2,61,89,91,93,116,118,127,131,194,195,196,198
1a4kH_BS01_FRA	31,32,33,35,50,99,100,101,104
1a7xA_BS01_FKA	54,79,81,82,83
1a8tA_BS01_ZN	82,84,145
1a8tA_BS02_ZN	86,164,206
1a8tA_BS03_061	29,32,35,36,145,164,168,175,176,206,207,208
1afkA_BS01_PAP	4,7,11,12,41,65,67,69,71,109,111,118,119,120
1arcA_BS01_TCK	57,169,189,191,192,194,210,211,212,214,225
1atlA_BS01_ZN	140,144,150
1atlA_BS02_CA	7,91,195,198
1atlA_BS03_0QI	104,105,106,107,140,141,144,150,163,165,166,167,168
1azmA_BS01_ZN	92,94,117
1azmA_BS02_AZM	89,92,94,117,196,197,198,207
1b8uA_BS01_OAA	159,163,188,189,225,226,227,228,239
1b8uA_BS02_NAD	9,10,13,14,15,40,41,42,88,89,90,113,130,131,132,156,159,188,243
1blcA_BS01_UUU	38,39,42,72,97,99,137,183,201,202,203,204,206
1bnwA_BS01_ZN	91,93,116
1bnwA_BS02_TPD	89,91,93,116,118,127,194,195,196,198
1bq3A_BS01_IHP	7,8,10,11,13,14,18,19,20,89,97,113,114,204
1bqoB_BS01_ZN	119,123,129
1bqoB_BS02_ZN	69,71,84,97
1bqoB_BS03_CA	76,77,79,81,99,102
1bqoB_BS04_CA	25,100,102
1bqoB_BS05_CA	59,91,92,93,95
1bqoB_BS06_N25	4,80,81,82,83,84,116,119,120,123,129,139
1br6A_BS01_PT1	79,80,81,82,94,122,123,124,173,177,178,181
1bs1A_BS01_MG	16,54,115
1bs1A_BS02_ADP	12,13,14,15,16,17,115,175,176,204,205,206,210,211
1bs1A_BS03_DAA	11,15,37,40,41,54,79,81,115,117,118
1bsvA_BS01_NDP	8,10,11,12,13,34,37,38,39,40,61,62,64,84,103,104,134,138,161,162,164
1bxqA_BS01_MAN	5,7
1bxqA_BS02_PP8	15,33,35,75,76,77,79,111,121,211,213,215,216,217,218,274,284,293,295,297
1bzyA_BS01_IMU	101,130,131,132,134,135,136,137,138,162,183,184,189,190
1bzyA_BS02_POP	65,66,99,100,101,190,196
1c1hA_BS01_MMP	9,21,25,26,27,83,116,117,179,181,182,184,218,220,222,226,259,260
1c3jA_BS01_UDP	170,171,173,177,195,196,219,220,222,225,243,251,254
1c5iA_BS01_UUU	7,9,35,37,69,71,78,80,112,116,117,118,125,127,166,172
1cenA_BS01_BGC	16,90,134,194,201,206,274,307,312,313,314
1cetA_BS01_CLQ	9,10,33,34,35,66,79,94,97
1ch8A_BS01_MG	13,40,305
1ch8A_BS02_GPX	13,14,15,16,17,40,41,42,49,305,331,333,414,416,417
1ch8A_BS03_HDA	13,40,129,273,298,299,300,301,303,305
1ch8A_BS04_IMP	13,38,39,126,127,128,129,224,238,239,273,274,303
1cimA_BS01_ZN	91,93,116
1cimA_BS02_MMC	131,133,201,202
1cimA_BS03_PTS	89,91,93,116,118,127,194,195,196
1cqfB_BS01_UUU	18,34
1cqfB_BS02_UUU	32,33,34,35
1cqfB_BS03_UUU	13,15,17,19,21,28,30,60
1d3pB_BS03_BT3	43,50,94,95,96,192,193,194,195,198,218,219,220,221,223,224,231
1d4pB_BS03_BPP	47,50,94,95,96,192,193,218,220,221,223,224,231
1dcpA_BS01_HBI	56,57,58,73,74,75,76
1ddtA_BS01_APU	21,22,24,27,31,34,35,36,38,42,44,45,53,54,65,153
1e3vA_BS01_DXC	15,39,55,56,59,87,98,102,115,117,119
1e4gT_BS01_ATP	11,12,13,14,16,79,209,210,233,237,252,325,328,329
1e5qA_BS01_NDP	10,11,12,13,32,33,34,53,54,55,74,75,76,79,97,98,123,124,125,126,173,174,398
1e5qA_BS02_SHR	77,98,99,125,154,155,156,173,223,244,246
1efyA_BS01_BZC	102,201,202,235,236,243,246,327
1einA_BS01_PLC	84,89,92,146,203,255
1elaA_BS01_0Z1	45,88,89,167,184,185,188,206,207,208,209
1elaA_BS02_CA	59,61,64,65,66,69
1epbB_BS01_REA	6,8,11,15,50,78,80,85,89,98,100,102,115,117
1eswA_BS01_ACR	57,59,60,256,258,293,294,340,394,395,464,473
1eswA_BS02_ACR	53,54,55,56,98,101,153,469,470
1etrH_BS01_MIT	43,47,50,96,199,200,201,205,225,227,228,229,230,231,238
1ettH_BS01_0ZG	43,47,50,96,199,200,205,225,226,227,228,230,239
1eveA_BS01_E20	83,120,198,278,281,289,329,330,333,439
1ex8A_BS01_MG	82,97
1ex8A_BS02_A4P	42,43,45,53,55,74,82,84,88,89,92,97,98,110,111,112,113,115,121,123
1exaA_BS01_394	20,49,53,56,90,91,94,97,107,108,122,123,126,219,231,234
1eyrA_BS01_CDP	10,11,12,15,21,22,71,80,82,105,106
1ezqA_BS01_CA	56,58,61,62,66
1ezqA_BS02_RPR	83,84,85,135,162,179,180,181,182,185,203,205,206,207,208,209,216
1f0rA_BS01_CA	56,58,61,62,66
1f0rA_BS02_815	83,85,162,185,203,205,206,207,208,209
1f0tA_BS01_CA	52,54,57,58,59,62
1f0tA_BS02_PR1	79,80,81,155,171,172,173,174,193,194,196,197,204
1f17A_BS01_NAI	10,13,14,15,34,35,96,97,99,104,124,126,147,148
1f4eA_BS01_TPR	55,58,79,80,94,146,147,176,177
1f4eA_BS02_TPR	64,65,66
1f4fA_BS01_TP3	58,79,80,83,143,146,172,176,177
1f4gA_BS01_TP4	54,79,80,83,143,146,167,169,172,173,176,177,207,209
1f7bA_BS01_NAU	10,43,46,47,48,136,164,188,189,190,191,205,206,207,250
1f8gA_BS01_NAD	127,135,137,179,180,181,182,202,203,204,232,234,245,262,263,264,273
1fcvA_BS01_UUU	11,12,37,46,102,104,175,218,262,292,294,295
1ffqA_BS01_UUU	140,144,149,168,252,253,290,292,339,365,367,368,421,450,453,514,516,517
1fjsA_BS01_CA	56,58,61,63,66
1fjsA_BS02_Z34	82,83,84,162,179,180,181,182,185,203,205,206,208,209,216
1fk6A_BS01_LNL	37,40,46,49,53,57,81
1fk6A_BS02_FMT	51,54,87,89
1fkgA_BS01_SB3	26,36,37,46,55,56,59,82,99
1foaA_BS01_MN	12,108
1foaA_BS02_UD1	8,9,10,12,39,40,79,81,82,85,106,107,108,164,185,186,215,216,217,226
1fqoA_BS01_F6R	151,152,158,159,160
1fqoA_BS02_F6R	41,42,43,44,71,72,137,138,143,145,172,208
1fthA_BS01_A3P	62,65,66
1g4oA_BS01_ZN	92,94,117
1g4oA_BS02_BSB	92,94,117,119,195,196,197,199
1g6cA_BS01_MG	84,103
1g6cA_BS02_IFP	20,22,48,98,121,138,140,175,177,197
1g6cA_BS03_POP	50,52,83,84,100,103,121,150
1g6cA_BS04_TZP	50,147,149,150,177,178,179,198,199,200
1g97A_BS01_MG	21,101,226
1g97A_BS02_UD1	7,9,10,21,71,74,75,76,77,99,100,101,137,138,153,168,169,196,197,198,224,226
1gkcA_BS01_CA	73,74,75,76,78,96,99
1gkcA_BS02_CA	56,88,89,90,92
1gkcA_BS03_CA	20,22,97,99
1gkcA_BS04_CA	102,103,104,105,106,107
1gkcA_BS05_NFH	77,78,79,80,109,114,117,118,121,127,137,138,139
1gkcA_BS06_ZN	117,121,127
1gkcA_BS07_ZN	66,68,81,94
1goqA_BS01_XYP	46,47,50,83,87,90,130,131,174,207,209,237,267,275
1goqA_BS02_XYP	23,24,25,47,48
1goqA_BS03_XYP	13,14,15,259
1goyA_BS01_3GP	25,53,54,55,56,57,58,71,81,85,100,101
1gpkA_BS01_HUP	81,113,114,115,116,118,119,120,124,127,196,327,328,437
1gsaA_BS01_MG	273,281
1gsaA_BS02_MG	165,281,283
1gsaA_BS03_SO4	165,166,210,225,235,273,281,283
1gsaA_BS04_ADP	125,158,160,164,165,166,167,170,198,199,200,201,204,208,232,233,234,235,273,275,281
1gsaA_BS05_GSH	19,20,21,86,88,89,165,210,225,236,237,285,286,287,288
1gwmA_BS01_CO	144,150,152
1gwmA_BS02_UUU	24,26,46,74,78,85,112,116,118,119
1gwxA_BS01_433	75,78,79,80,82,83,86,117,120,121,123,124,135,142,147,158,243,247,259,267
1h0sA_BS01_FA6	10,12,18,68,70,71,74,94,95,96,98,105
1h1pA_BS01_CMG	11,12,13,14,32,81,82,83,84,135
1h1sA_BS01_4SP	11,13,14,32,65,81,82,84,85,86,87,90,133,135
1h72C_BS01_HSE	12,13,18,19,136,137,183,231,256
1h72C_BS02_ANP	51,52,57,58,59,83,87,88,90,91,92,93,94,97,129,179,257
1h9uA_BS01_LG2	18,21,22,25,55,59,60,63,66,76,77,95,182,185
1hdqA_BS01_INF	69,72,127,145,196,197,247,248,250,270
1hdqA_BS02_ZN	69,72,196
1hfcA_BS01_ZN	112,116,122
1hfcA_BS02_ZN	62,64,77,90
1hfcA_BS03_CA	69,70,71,72,74,92,95
1hfcA_BS04_PLH	73,74,75,76,104,112,113,116,122,131,132,133,134
1hnjA_BS01_MLC	28,32,36,37,151,155,156,189,207,209,210,212,213,246,247,250,304,305
1hp0A_BS01_CA	10,15,137,138,253
1hp0A_BS02_AD3	12,14,15,40,83,137,164,173,184,186,249,252,253
1hpvA_BS01_478	23,25,27,29,30,32,47,49,50,81
1htfA_BS01_G26	23,25,27,28,29,30,32,48,82,84
1htfA_BS02_G26	8,23,25,27,49,50,82
1hwwA_BS01_ZN	60,62,174,441
1hwwA_BS02_SWA	60,62,65,174,176,198,239,311,385,441,442,697
1i1hA_BS01_COJ	9,12,13,16,39,42,43,83,85,194,195,198,199,202
1i7lA_BS01_ATP	136,156,158,164,165,168,194,195,196,197,202,217,226,227,262,264,274
1i7zA_BS01_COC	36,38,40,53,54,93,95,96,97
1i8zA_BS01_ZN	92,94,117
1i8zA_BS02_INL	65,89,90,92,94,117,119,128,132,195,196,197,199,206
1if7A_BS01_ZN	92,94,117
1if7A_BS02_SBR	92,94,117,119,128,129,195,196,197,199
1ig3A_BS01_VIB	213,215,227,228,229,230
1ig3A_BS02_VIB	107,108,109
1ixnA_BS01_DXP	8,10,11,44,46,51,71,101,102,132,192
1ixnA_BS02_G3P	8,71,152,192,193,212,214,215
1j8rA_BS01_UUU	59,89,91,103,104,107,170,172
1j9kA_BS01_CA	8,9,39,95
1j9kA_BS02_WO4	8,39,40,95,99,107,108,109
1jcgA_BS01_MG	9,315
1jcgA_BS02_ANP	12,13,14,131,155,156,157,158,179,204,207,208,285,286,287,289,290
1jclB_BS01_HPD	21,48,74,168,171,204,205,206,237,238,239
1jd0A_BS01_ZN	89,91,115
1jd0A_BS02_AZM	87,89,91,115,117,195,196,197,206
1jieA_BS01_BLM	59,60,61,62,65,86,89,101,102,109,113,115,117
1jieA_BS02_BLM	32,33,38,47,51,52
1jjeA_BS01_ZN	75,77,137
1jjeA_BS02_ZN	79,156,195
1jjeA_BS03_ZN	32,197
1jjeA_BS04_BYS	23,26,77,78,79,137,156,159,164,165,195
1jkkA_BS01_MG	143,160
1jkkA_BS02_ANP	18,19,21,22,23,24,26,39,41,76,93,95,99,142,145,159,160
1jlaA_BS01_TNK	97,99,102,175,182,183,184,219,221,223,228,230,312
1jq3A_BS01_AAT	45,61,65,66,75,76,97,98,100,119,120,121,125,151,152,169,170,171,172,177,178,181,238,243
1jsvA_BS01_U55	31,33,70,71,72,73,74,75,78,123
1jxmA_BS01_5GP	108,111,120,144,149,169
1jylA_BS01_MG	104,213,215
1jylA_BS02_CDC	8,9,10,11,79,82,83,84,87,103,104,133,187,189,213,215
1jylA_BS03_CDC	18,21
1k0nA_BS01_GSH	8,19,21,59,71,72
1k1jA_BS01_CA	52,54,55,57,58,62
1k1jA_BS02_FD2	40,78,79,81,171,172,173,174,177,192,193,194,195,196,197,204
1k22H_BS03_NA	183,225,226,227,228,229
1k22H_BS04_NA	167,168,170,171
1k22H_BS05_MEL	43,47,50,96,172,192,193,198,218,219,220,221,222,223,224,231
1k3uA_BS01_IAD	22,60,64,100,153,175,183,184,211,212,213,214,232,233,234,235
1k3yA_BS01_GTX	8,14,44,53,54,55,66,67,106,110,207,212,219
1k3yA_BS02_GOL	67,71,95,96,99,158
1k3yA_BS03_GOL	14,68,103
1k3yA_BS04_GTX	100,130
1k54A_BS01_HOQ	45,46,49,81,96,134,186,187,188
1k7eA_BS01_IAG	22,49,60,64,100,153,175,183,205,225,227,228
1k7fA_BS01_IAV	59,60,100,102,127,129,175,198,220,221
1kaqA_BS01_DND	6,7,8,9,10,14,17,20,38,42,43,44,84,105,108,115,116,132,151,153
1ke5A_BS01_LS1	10,31,57,73,74,75,76,77,78,79,82,127,138
1kgzB_BS01_MN	80,92,223
1kgzB_BS02_MN	84,222,223
1kgzB_BS03_PRP	79,80,82,83,90,91,92,93,108,118,223
1khrD_BS01_COA	70,121,122,123,124,141,142,155,157,158,164
1khrD_BS02_VIR	37,39
1khrD_BS03_COA	80,82,84,129,147,160
1kpeB_BS01_ADW	6,28,29,30,31,32,40,86,92,93,94,95,99,101
1kv1A_BS01_BMU	49,67,70,71,74,80,102,159,160,161
1kv2A_BS01_B96	34,49,63,67,70,71,74,80,100,102,104,105,106,136,155,156,157
1kwcB_BS01_BPY	172,186,194,201,208,209,240,242,249,260
1l2sA_BS01_STC	61,64,149,218,311,312,313,314
1l7fA_BS01_UUU	119,120,140
1l7fA_BS02_CA	213,214,217,244,266,267
1l7fA_BS03_BCZ	37,38,53,70,71,75,98,147,196,197,212,290,324
1l8gA_BS01_DBD	45,47,48,119,180,181,214,215,216,218,219,220,257,258,261
1lbyA_BS01_F6P	85,155,170,171,172,175,191,195,196,200
1lbyA_BS02_MN	67,82,85,200
1lbyA_BS03_MN	67,82,84,85,87
1lbyA_BS04_MN	38,40,67
1lbyA_BS05_PO4	67,85,86,87
1lbyA_BS06_F6P	165,167
1lloA_BS01_UUU	6,9,32,34,45,47,81,82,125,127,181,183,224,253,255,259
1llrD_BS01_UUU	11,12,13,51,56,57,61,88,90,91
1llrD_BS02_UUU	33,35
1lpzB_BS01_CA	56,58,61,62,63,66
1lpzB_BS02_CMB	84,85,132,135,162,179,180,181,182,185,203,205,206,207,208,209,216
1lqdB_BS01_CA	56,58,59,61,66
1lqdB_BS02_CMI	84,85,132,135,162,179,180,181,182,185,203,205,206,207,208,209,216
1lspA_BS01_BUL	73,85,87,88,89,90,95,97,101,123,147,148,150
1ltzA_BS01_FE	132,137,178
1ltzA_BS02_HBI	94,95,96,98,101,153,173
1lxmA_BS01_UUU	149,198,199,200,208,244,316,370,385,388,424,426
1lzsA_BS01_NAG	46,53,58,60,63,64,102,103,104,108,109,110
1lzsA_BS02_NAG	33,34,35,36,43,44,58,111
1m48A_BS01_FRG	32,35,36,38,39,40,41,42,59,62,69,70
1mbzA_BS01_MG	242,340,432
1mbzA_BS02_POP	238,240,242,243,340,412,432,433
1mbzA_BS03_IOT	236,237,238,243,261,262,315,319,322,336,337,338,340,341,346,362,371,432,433,434,435
1mehA_BS01_K	148,150,151
1mehA_BS02_IMP	56,58,200,201,202,203,242,243,244,263,264,265,266,289,291,292,293,302
1mehA_BS03_MOA	145,146,147,175,196,197,198,292,293,298,302
1mkaA_BS01_DAC	70,71,77,78,79,113,115,116
1mkaA_BS02_DAC	27,91,104,105,106,171
1mmbA_BS01_CA	53,85,86,87,89
1mmbA_BS02_CA	70,71,72,73,75,93,96
1mmbA_BS03_ZN	63,65,78,91
1mmbA_BS04_ZN	113,117,123
1mmbA_BS05_BAT	74,75,76,77,78,105,110,113,114,117,123,133,134,135
1mncA_BS01_ZN	113,117,123
1mncA_BS02_ZN	63,65,78,91
1mncA_BS03_CA	70,71,72,73,75,93,96
1mncA_BS04_PLH	74,75,76,77,110,113,114,117,123,132,133,134,135
1mq5A_BS01_CA	56,58,61,62,63,66
1mq5A_BS02_XLC	82,83,85,132,135,162,179,180,181,182,203,205,206,207,208,209,216,217,218
1mq6A_BS01_CA	56,58,59,61,63,66
1mq6A_BS02_XLD	82,83,85,135,162,179,180,181,182,203,205,206,207,208,209,216,217,218
1mu0A_BS01_PHK	36,37,40,44,105,106,137,141,213,216,271
1mxiA_BS01_SAH	78,79,80,99,100,101,102,104,105,121,122,124,130,131,133,136
1n07A_BS01_ADP	22,24,25,28,29,30,31,36,37,89,90,91,98,99,100
1n07A_BS02_FMN	25,26,28,37,56,71,73,88,113,115,116,118,124,128,131
1n2vA_BS01_ZN	308,310,313,339
1n2vA_BS02_BDI	96,146,148,191,193,219,220,250,251
1n46A_BS01_PFA	59,63,66,69,97,100,103,104,107,117,118,131,133,140,222,229,242
1navA_BS01_IH5	60,63,64,66,67,70,73,101,104,108,121,122,135,137,144,226,233,246
1ncoB_BS01_CHR	35,37,39,45,47,49,52,76,77,78,80,94,95,96,98,100,101,102
1ndiA_BS01_COA	314,318,320,390,394,397,398,399,400,401,425,426,427,478,482,525,526,527
1nhuA_BS01_153	414,417,418,469,471,472,477,492,496,523
1nhvA_BS01_154	417,418,469,470,471,472,492,496,523
1nmkA_BS01_SFM	55,57,60,63,73,101,102,103,111,113,121,122,126
1nz7A_BS01_901	23,27,28,45,47,119,214,215,216,217,218,219,220,257,258,261,262,265
1o26B_BS01_UMP	87,88,89,90,91,148
1o26B_BS02_FAD	79,80,81,82,170,174,175,179
1o26B_BS03_FAD	86,87,89,92
1o26B_BS04_UMP	75,76,79,175
1o26B_BS05_FAD	31,56,59,82,164,166
1o86A_BS01_GLY	340,376,410,411,484
1o86A_BS02_ZN	344,348,372
1o86A_BS03_LPR	123,242,314,315,341,344,345,348,372,414,468,469,470,475,477,480
1of1A_BS01_SCT	13,34,48,52,76,79,83,109,114,118,168,171
1of8B_BS01_CO	54,90,260,294,317
1of8B_BS02_PEP	85,87,90,91,156,157,158,179,227,260
1of8B_BS03_G3P	90,91,92,93,317
1og1A_BS01_TAD	2,76,84,88,123,124,127,129,141,144,145,157,184,186
1ogkB_BS01_DUD	12,15,16,19,32,39,42,67,70,73,74,158,162,165,170,177,185
1ogoX_BS01_UUU	313,371,372,393,415,416,445,447,450
1ohrA_BS01_1UN	25,27,28,29,30,49,50,81,82,84
1ojzA_BS01_NAD	37,44,48,85,86,87,88,90,91,133,138,139,140,147,150,178,180
1onhA_BS01_WY4	63,118,119,151,319,320,321,322
1oq5A_BS01_ZN	91,93,116
1oq5A_BS02_CEL	64,66,89,91,93,116,127,194,195,196,198
1ow3B_BS01_MG	17,35
1ow3B_BS02_UUU	12,13,14,15,16,17,18,28,32,34,35,60,61,116,118,119,158,159,160
1oweA_BS01_675	46,94,192,193,195,198,216,218,221,222,229
1oxmA_BS01_TC4	26,27,103,104,105,168,172,173
1oxvA_BS01_MG	45,89
1oxvA_BS02_ANP	13,20,40,41,42,43,44,45,46,89,166
1oytH_BS03_CA	167,170
1oytH_BS04_FSN	43,47,50,94,95,96,192,193,198,218,219,220,221,223,224,231
1p2yA_BS01_UUU	78,91,92,99,103,235,238,239,243,244,286,288,290,313,340,341,342,346,348,350,386,387
1p4nA_BS01_UUU	36,38,39,64,70,103,106,142,143,208,209,210,211,215,255,256
1p4nA_BS02_MG	150,165,308,309,310
1p4nA_BS03_MG	64,66
1p4nA_BS04_MG	280,283
1p5rA_BS01_COA	14,15,16,17,37,71,73,74,95,96,100,103,104,123,136,137,168,199
1p77A_BS01_ATR	126,127,128,129,130,149,150,151,154,188,189,190
1pfkA_BS01_FBP	12,73,126,128,170,171,172,223,250,253
1pfkA_BS02_MG	186,188
1pfkA_BS03_ADP	11,12,42,73,74,77,78,103,104,105,106,108,109
1pfkA_BS04_ADP	155,159,186,188,213,214,215,216
1pfkA_BS05_ADP	22,26,55,56,59,60
1pkkB_BS01_DCP	128,138,143,145
1pmnA_BS01_984	26,28,34,47,48,49,80,82,100,102,105,106,107,149,150,162
1pnfA_BS01_UUU	59,60,61,82,118,120,156,191,251
1ppcE_BS01_MID	40,79,81,171,172,173,174,177,192,193,194,195,196,197,204
1ppcE_BS02_CA	52,54,57,58,62
1pphE_BS01_CA	52,54,57,58,62
1pphE_BS02_0ZG	40,81,171,172,173,174,191,192,193,194,195,196,197,204
1pw1A_BS01_HEL	60,118,121,157,159,212,231,283,296,297,298,299,301,324,325
1q41A_BS01_IXM	28,36,49,92,93,94,95,96,98,101,148,159
1q51A_BS01_CAA	40,41,43,44,78,86,87,88,89,90,114,116,117,118,141,145
1q8jA_BS01_C2F	320,323,325,327,390,411,473,505,507,508,511,516,536
1qbuA_BS01_846	25,27,28,29,30,32,47,48,49,50,82,84
1qhiA_BS01_BPG	13,31,36,48,49,73,76,80,105,110,114,118,164
1qjiA_BS01_ZN	92,96,102
1qjiA_BS02_PKF	64,65,66,67,68,71,83,92,93,96,102,149,153,175
1ql9A_BS01_CA	52,54,57,58,59,62
1ql9A_BS02_ZEN	80,81,155,172,173,174,177,191,192,193,194,195,196,197,204,205,206
1qpeA_BS01_PP2	21,29,41,43,58,84,86,87,89,141,152
1qtiA_BS01_GNT	69,81,114,115,118,196,197,285,287,328,437
1r091_BS01_JEN	88,108,110,112,136,172,175,181,205
1r15A_BS01_N	76,77,78,79,97,144,173,174,175,179
1r15A_BS02_NCA	98,107,108,140
1r15A_BS03_NCA	110,111,139,140
1r1hA_BS01_ZN	530,534,593
1r1hA_BS02_BIR	53,489,490,491,526,527,530,531,534,593,636,639,640,658,664
1r55A_BS01_UUU	69,73
1r55A_BS02_ZN	138,142,148
1r55A_BS03_CA	6,89,197,200
1r55A_BS04_097	102,103,104,105,135,138,139,142,148,167,168,169,170
1r58A_BS01_MN	110,142,153,350
1r58A_BS02_MN	153,222,253,255,350
1r58A_BS03_AO5	110,122,142,153,222,230,255,273,275,305,335,350
1r9oA_BS01_HEM	67,82,83,90,260,261,264,265,268,319,324,325,328,331,390,391,392,396,398,399,400,404,407
1r9oA_BS02_FLP	78,83,174,175,178,200,203,255,256,259,260,264,329
1ri1A_BS01_SAH	14,32,34,54,55,82,83,84,100,101,102,105
1ri1A_BS02_GTG	10,11,14,40,41,66,244
1rn8A_BS01_DUP	68,84,87,88,89,90,93,98
1rsdA_BS01_PSB	18,71,72,73,74,104,105,106
1ryaA_BS01_MG	50,70,123
1ryaA_BS02_GDP	3,4,9,37,39,50,51,52,70,94,103,123
1rzuA_BS01_ADP	304,326,327,353,354,355,381
1s19A_BS01_MC9	24,28,57,63,64,67,101,104,105,108,116,118,125,130,135,139,227
1s3fA_BS01_SNI	11,13,14,44,45,65,69,73,93,99
1s3vA_BS01_TQD	7,8,9,21,22,30,31,34,35,59,61,64,67,115,136
1s7lA_BS01_COA	32,36,96,97,98,103,104,105,106,107,108,109,132,136,138,139,141,145
1sbyA_BS01_NAD	12,15,16,17,37,62,63,64,91,92,93,106,136,137,138,151,155,181,182,183,184,186,188,189
1sbyA_BS02_ETF	95,138,140,151,183,188,189
1sgcA_BS01_III	33,51,114,116,119,132,133,134,135,136,137,152,153,154,155,164,165
1sj0A_BS01_E4D	37,40,41,44,45,47,48,77,81,88,98,115,215,218,219,224
1sqfA_BS01_SAM	250,251,252,253,254,255,256,273,274,278,298,299,300,318,320
1sqnA_BS01_NDR	32,35,36,38,42,73,76,83,114,118,206,207,225
1sthA_BS01_CO	16,30,35,36
1sthA_BS02_THP	30,35,78,79,80,82,84,108,110
1svwA_BS01_MG	34,35,57,73,74
1svwA_BS02_GTP	31,32,33,34,35,36,50,51,52,55,56,57,76,138,140,141,171
1swkA_BS01_BTN	8,10,12,28,30,32,33,34,64,71,73,75,77,93,113
1sz3A_BS01_GNP	13,15,43,46,47,48,66,84,86,90,92
1sz3A_BS02_GNP	1,2,4
1szjG_BS01_NAD	6,7,8,9,10,11,30,31,32,33,76,94,95,96,118,119,148,179,312,316
1teiA_BS01_UUU	12,13,14,15,16,98,99,100,168,205,207,208,224,226,227,228,229
1teiA_BS02_MN	8,10,19,24
1teiA_BS03_CA	10,12,14,19
1theA_BS01_0E6	23,27,28,29,30,69,72,73,74,75,173,176,196,198,199,245
1thlA_BS01_CA	138,177,185,187,190
1thlA_BS02_CA	177,182,183,185,190
1thlA_BS03_CA	57,59,61
1thlA_BS04_CA	193,194,197,200
1thlA_BS05_ZN	142,146,166
1thlA_BS06_0DB	110,111,112,113,130,139,142,143,146,157,166,203,231
1tjwA_BS01_AS1	11,96,97,98,187,305,310,313
1tkyA_BS01_A3S	73,77,94,95,104,156,159,164,168,170,180,181,182,183
1towA_BS01_CRZ	16,20,38,57,75,76,78,117,126,128
1tvpB_BS01_CBI	27,28,33,256,261,263
1txcA_BS01_2AN	36,57,59,138,141
1txcA_BS02_2AN	55,57,64,66,68,84,89,99,138,139
1txcA_BS03_2AN	144,147,148,151
1tywA_BS01_UUU	124,125,173,190,191,195,197,219,225,247,251,253,254,257,258,279,280,283
1u4dA_BS01_DBQ	18,40,42,66,81,82,83,84,133,135,146
1u72A_BS01_NDP	8,9,16,17,20,21,22,24,53,54,55,56,59,75,76,77,78,91,115,117,118,119,120,121,146
1u72A_BS02_MTX	7,8,9,22,30,31,34,35,59,60,61,64,67,70,115,121,136
1u7zA_BS01_PMT	30,31,32,33,34,91,92,93,94,95,97,119,120,121,122,137,138,140,152,156,164,173,174,196
1uamA_BS01_PO4	11,116,117
1uamA_BS02_SAH	88,89,90,91,92,115,117,118,119,134,135,136,138,139,140,141,142,143,146
1ucdA_BS01_U5P	9,34,71,72,73,74,80,83,84,87,88
1ucdA_BS02_URA	5,37,39,42,44
1uf8A_BS01_ING	46,126,130,131,143,145,171,172,174,175,196,197,201
1um0A_BS01_FMN	103,104,123,125,240,241,242,296,298,299,300,327,330
1um0A_BS02_FMN	280,281
1umlA_BS01_ZN	12,14,211,292
1umlA_BS02_FR4	14,16,55,58,59,62,103,152,181,182,214,266,293
1unlA_BS01_RRC	10,11,12,18,31,64,80,81,83,84,85,86,130,133
1uouA_BS01_CMU	84,85,86,114,116,119,120,167,170,182,185,186,189
1uvsH_BS02_I11	47,50,94,166,186,187,188,189,212,213,214,215,217,218
1uvtH_BS02_I48	43,47,50,94,95,96,192,193,198,219,220,221,223,231
1uyyA_BS01_CA	7,9,29,123
1uyyA_BS02_CA	16,33,35,38
1uyyA_BS03_BGC	13,39,41,43,73,74,75,76
1v0pA_BS01_PVB	10,11,12,13,18,30,63,79,80,81,82,83,85,88,129,132,142
1v0yA_BS01_HI5	85,158,160,162,177,427,429,444,446
1v3sA_BS01_ATP	7,35,36,37,38,39,73,74,75,76,77
1v3sA_BS02_ATP	27,28,29,49,50,51,88
1v48A_BS01_HA1	31,32,77,79,108,109,110,111,193,194,210,211,212,213,236
1vcjA_BS01_IBA	39,40,72,73,77,100,101,149,168,198,199,215,297,332
1vcuA_BS01_DAN	21,41,46,85,86,111,179,181,217,218,234,297,327
1vh3A_BS01_CMK	7,8,9,54,55,56,57,60,80,81,82,124,139,167,169,171,195,196,197
1vpsB_BS01_UUU	41,46,47,49,50,52,62,63,260,262,267
1w1pA_BS01_GIO	9,50,95,96,141,143,211,213,402
1wnzA_BS01_2VA	26,27,28,29,32,108,109,112,117,118,123,127
1wopA_BS01_FFO	51,83,96,98,100,110,112,168,169,187,188,195,227,236,256,362
1wopA_BS02_FFO	55,106,108,137,160,173,174,175,180,181,182,197
1wq1G_BS01_UUU	68,72
1wxiA_BS01_MG	51,164
1wxiA_BS02_AMP	135,139,171,172,246,247
1wxiA_BS03_AMP	45,46,47,52,81,82,87,141,159,164,175
1x2bA_BS01_STX	42,43,109,110,111,133,201,229,233
1x55A_BS01_NSS	168,188,190,211,220,221,224,226,228,333,357,358,359,360,364,402,403,405,408,419
1x6uA_BS01_DO8	26,55,62,95,113,115,117,138,199,202,225,227,240
1x7pA_BS01_SAM	193,194,195,214,215,216,217,218,219,220,234,235,237,244,246,249
1x8xA_BS01_TYR	37,39,41,71,81,175,179,182,195,201
1xdhA_BS01_UUU	15,32,34,36,37,75,76,77,78,79,131,192,214,216,217,218,219,300
1xdhA_BS02_UUU	241,242
1xm6A_BS01_ZN	76,112,113,230
1xm6A_BS02_5RM	231,233,245,248,249,252,280,281,284,335
1xnyA_BS01_191	71,100,103,133,134,135,136,137,138,144,147,173,174
1xnyA_BS02_BTN	338,369,370,372,408,409,410,411
1xnyA_BS03_191	409,410,435,444,447
1xnyA_BS04_BTN	173,196,197
1xoqA_BS01_ZN	79,115,116,233
1xoqA_BS02_ROF	75,186,188,233,234,236,237,244,247,248,251,272,283,284,287
1xozA_BS01_ZN	84,120,121,232
1xozA_BS02_CIA	79,235,236,243,250,251,254,272,281,284,285,288
1xpyC_BS01_MG	163,165,190,215,240
1xpyC_BS02_NLQ	21,25,137,163,165,264,292,293,294,324
1xqpA_BS01_8HG	29,56,57,67,138,142,168,170,216,220
1xqpA_BS02_8HG	83,84,87,104,108
1xtbA_BS01_S6P	157,158,159,209,210,211,214,271,272,353,357,511
1xvtA_BS01_COA	20,21,22,42,68,69,70,71,92,93,94,97,100,101,121,135,136,166,197
1xwqA_BS01_XYP	76,78,280,281,284,327,378,380,381,382
1xz8A_BS01_MG	87,88,89
1xz8A_BS02_UUU	41,88,89,91,92,93,94,95,120,143,144
1y2vA_BS01_III	27,28,47,48,71,72,73,97,106
1y30A_BS01_FMN	28,30,31,32,33,46,51,52,53
1y3iA_BS01_NAD	14,15,18,38,41,42,88,89,126,129,130,131,134
1y6bA_BS01_AAX	22,28,46,48,63,92,94,95,96,97,98,100,101,153,165
1y8eA_BS01_SVR	214,220,221,222,241,243,244
1ybuA_BS01_MN	12,13,16,56
1ybuA_BS02_APC	12,15,16,18,55,56
1ydrE_BS02_IQP	36,43,56,107,108,109,113,156,157,159,169,313
1ydsE_BS02_IQS	35,36,43,56,106,107,108,109,113,156,159,169,170,313
1ydtE_BS02_IQB	35,36,37,38,40,41,43,56,60,106,107,108,109,156,157,159,169,313
1yfrA_BS01_MG	174,191,194
1yfrA_BS02_ATP	85,86,87,191,194,219,221,224,235
1ygcH_BS01_CA	58,60,63,64,68
1ygcH_BS02_CA	99,101
1ygcH_BS03_905	41,44,86,87,90,186,187,189,192,210,211,212,213,215,216,223
1yqyA_BS01_ZN	422,426,471
1yqyA_BS02_915	64,389,391,392,393,394,411,413,422,423,426,464,471,475
1ytjA_BS01_III	25,27,28,29,30,46,47,48,84
1ytmA_BS01_MN	205,224,262
1ytmA_BS02_ATP	224,243,244,245,246,247,248,249,262,281,326,434,442,443,445,448
1ytmA_BS03_OXD	59,205,224,243,262,326,406
1yvfA_BS01_PH7	194,198,201,317,367,369,385,411,412,415,416,447,449,557
1ywrA_BS01_LI9	26,31,47,49,100,101,102,103,104,105,107,108,163
1z95A_BS01_198	33,34,36,37,40,70,71,74,75,78,81,93,116,194,198,216,220
1zajA_BS01_M2P	31,33,35,38,107,146,148,187,229,271,272,301,302,303
1zdfA_BS01_MN	102,104,212
1zdfA_BS02_UPG	9,10,11,12,15,82,102,103,104,133,134,135,164,212,214,218
1znzA_BS01_GDP	34,38,41,50,69,71,73,80,81
1zt9A_BS01_TRP	36,37,39,40,41
1zt9A_BS02_TRP	50,53,77,81,84
1zu0A_BS01_CBS	7,8,9,10,203,219,220,221,362,364,365,408,409,410,435,436,488,512
1zu0A_BS02_MN	337,339,341,343,345
2ahwA_BS01_COA	278,296,299,300,301,323,359,360,362,363,372,375,376,380,382,385,388
2aibA_BS01_ERG	15,16,33,35,42,47,59,60,63,75,76,84,87
2artA_BS01_MG	135,137,138,148,149
2artA_BS02_UUU	18,46,72,77,79,80,81,85,132,135,138,145,147,148,149,161,162,163,165,173,177,186
2ateA_BS01_NIA	8,9,11,12,36,37,38,39,63,64,66,68,69
2b3dA_BS01_FAD	13,14,16,17,18,19,20,21,23,68,69,70,71,72,124,125,126,127,171
2b3dA_BS02_FAD	87,108
2b99A_BS01_RDL	11,40,41,42,43,65,66,67,72,75
2b99A_BS02_RDL	98,103,117,121,144
2b99A_BS03_RDL	95,96,121
2bawA_BS01_B7G	86,87,90,91
2bawA_BS02_B7G	68,72,93,94,243,246,247,249
2bawA_BS03_VCA	40,49,56,60,63,64,98,114,116,123,224,228,244,248
2bbwA_BS01_GP5	11,12,13,14,15,16,17,33,37,61,63,66,86,89,119,120,123,134,137,167,195,196
2bogX_BS01_UUU	41,111,115,153,156,182,183,184,225,253,254,257,259,265
2br1A_BS01_PFP	14,15,22,35,80,81,82,83,86,87,133,143
2bsmA_BS01_BSM	33,36,37,40,43,78,81,82,83,92,93,123,169,171
2c6zA_BS01_CIR	22,65,68,70,71,90,121,137,165,260,261,262,266
2c96A_BS01_ATP	2,8,31,32,33,34,35,36,37,87,169,206,207
2chtF_BS01_TSA	6,77,89,107
2chtF_BS02_TSA	56,58,59,72,73,74
2chzA_BS01_093	567,573,592,628,640,641,642,643,646,711,713,721,723,724
2csnA_BS01_CKI	13,21,34,54,80,81,83,84,89,133,148,149
2cwhB_BS01_NDP	151,230,231
2cwhB_BS02_NDP	48,120,122,123,124,142,144,160,162,177,178,179,180,303,305,306,308,309
2cwhB_BS03_PYC	48,52,144,145,160,185,186,187
2cx8A_BS01_SAH	155,156,157,177,178,179,180,181,182,199,201,202,204,205,206,208,211
2d29A_BS01_FAD	124,126,127,132,133,157,158,159,206,363,370,372
2dkcA_BS01_16G	360,361,362,379,381,383,504,506,507,508,513
2dkcA_BS02_PO4	30,66,67,287,383
2dkcA_BS03_ZN	66,282,284,286
2dptA_BS01_TAR	159,162,163,164,165,166
2dptA_BS02_PUY	46,48,58,107,143,152,154,155,156,157,169,172,184,186,187,188,190
2dttB_BS01_H4B	24,27,76,77,78,105
2dttB_BS02_H4B	45,47,48,49
2dveA_BS01_BT5	21,22,23,42,45,46,47,48,52,53,54,62,103,104,111,114,116,128,129,131,137,140
2dyaB_BS01_ADP	11,51,54,59,63,87,93,104,114,115,117
2dzbA_BS01_HH2	21,23,73,92,114,116,161,166,191,193,197,232,234
2e0nB_BS01_SAH	9,97,98,99,102,103,127,128,172,173,195,197,198,200,219,220,221,222
2e1tA_BS01_MLC	165,169,170,173,255,266,267,268,269,270,271,295,296,297,298,302,376,377,379
2e3rA_BS01_18C	68,74,78,99,101,102,104,107,114,136,157,182,196,197,204,205,208
2e5mA_BS01_NAP	35,96,98,99,101,105,321,324,325,329,330,337,377,380
2e6uX_BS01_CA	92,95
2e6uX_BS02_COA	29,31,33,36,37,56,57,58,59,84,85,86,89,93,108,109,110,132,134,135
2e9zA_BS03_MG	238,339,384
2e9zA_BS04_UTP	164,168,179,180,181,245,298,338
2ed4A_BS01_FAD	27,28,29,30,31,32,33,34,48,49,50,53,54,55,80,81,82,83,84,85,116,137
2ed4A_BS02_NAD	6,9,33,116,137,140
2f9wA_BS01_PAU	93,98,100,102,103,143
2f9wA_BS02_PAU	160,181
2fa0A_BS01_HMG	30,32,33,36,37,82,115,116,150,154,155,158,246,248,249,251,252,255,325,327,357,358
2fhjA_BS01_MFN	95,98,122,123,126,127
2fhjA_BS02_MFN	46,48,49,200,207,209,218,219,220
2fhjA_BS03_H4Z	14,16,47,166,170,209,210,211,221,245,281,285
2fk8A_BS01_SAM	21,22,23,60,61,63,83,84,88,111,112,113,125,126,127,130,131
2fsgA_BS01_ATP	66,67,69,72,90,91,92,93,94,95
2fv0A_BS01_UUU	26,27,42,87,88,91,149,211,219,221,225,338,339,344,345
2fzsB_BS01_CMQ	66,67,68,69,96,97,121,123,124,140,141,148
2g25A_BS01_TDK	467,514,516,544,547,551,581,585
2g25A_BS02_MG	175,205,207
2g25A_BS03_TDK	51,54,85,87,137,139,174,175,176,177,180,205,207,209,337,352
2g97A_BS01_DGB	171,173,199,222,224,287,289,291,329,331,356,357,359
2gfxA_BS01_PMN	162,204,205,206,269,270,271,302,306,307,308,309,339,397,398,399
2ggaA_BS01_S3P	23,24,28,96,168,169,170,195,321,348
2ggaA_BS02_GPJ	23,93,94,95,96,123,170,321,349,352,399,400
2gj5A_BS01_VD3	37,38,40,42,55,59,61,70,83,85,104,106
2gj5A_BS02_VD3	136,139,140,142,144,145,146,147
2gteA_BS01_VA	6,52,55,57,58,64,69,73,76,81,84,85,88,89,106,109,113,121,122,123,124
2gwhA_BS01_A3P	40,41,42,43,44,45,122,130,185,219,220,221,224,247,248,249,250,251
2gwhA_BS02_PCI	73,78,98,100,134,138,141,161,232,240
2gz3A_BS01_NAP	8,10,11,12,13,35,36,38,39,56,70,71,72,75,93,94,157,158,160,161,324,325,328,329
2gz3A_BS02_AS2	126,127,154,158,208,219,244,251
2hblA_BS01_ZN	112,114,239
2hblA_BS02_MN	112,113,170
2hblA_BS03_AMP	112,113,114,115,173,216,219
2hixA_BS01_ATP	245,246,247,248,252,267,297,337,399,401,414,418,420,422
2hk1A_BS01_FUD	66,67,106,107,112,150,156,183,186,209,215,244
2hk1A_BS02_MN	150,183,209,244
2hl0A_BS01_A3S	19,43,45,80,81,82,89,94,117,118,119,120,121
2hobA_BS01_3IH	25,26,41,49,140,141,142,143,144,145,163,164,165,166,168,172,187,189,190,191,192
2hxmA_BS01_302	62,63,64,66,76,77,88,123,165,166,167,187,189
2hzqA_BS01_STR	32,42,44,56,87,96,125,127
2i4nB_BS01_5CA	113,115,144,153,154,156,159,161,163,206,286,287,288,289,291,319,320,321,323,326
2i56A_BS01_RNS	54,98,176,216,218,251,254,278,286,324
2i56A_BS02_ZN	216,251,278,324
2i56A_BS03_ZN	254,286
2ihzA_BS01_LBT	10,11,39,88,117,120,246,289
2ihzA_BS02_CSF	12,13,39,117,118,119,120,242,244,246,285,286,287,288,311,312,313,314,331,332,333
2ioaA_BS01_MG	309,311,509
2ioaA_BS02_MG	297,309
2ioaA_BS03_GGA	220,295,297,309,311,314,315,316,366,370,371,417,418,421,509,510,569,578,581
2ioaA_BS04_ADP	297,308,309,469,502,504,509,510,511,514,539,540,541,542,543,544,553,574,576
2irxA_BS01_MN	131,133,172
2irxA_BS02_GTP	46,58,105,131,133,166,168,169,170,172,224,230,238,240
2ixlA_BS01_TRH	60,72,75,77,81,126,139,145
2ixlA_BS02_TRH	32,35,37
2j4eB_BS01_ITT	15,16,17,20,45,57,74,89,90,93,150,151,152,153,173,178,179
2j72B_BS01_GLC	23,25,31,32,33,34,63,69,72,77
2j8yA_BS01_PNM	51,52,87,88,113,115,152,193,210,211,212,213
2jbtA_BS01_FMN	90,94,124,125,126,147,148,149,198,370,374,375
2jbtA_BS02_4HP	94,98,124,126,241,244,245,374,376
2jbtA_BS03_FMN	270,273,274,351,352,353
2jgvD_BS01_ADP	223,225,226,245,247,250,253,254,257,279,282,283
2ntyC_BS01_GDP	13,15,16,17,18,113,115,116,153,154,155
2oalB_BS01_FAD	11,12,13,14,15,36,37,38,40,48,49,194,195,196,226,227,232,283,327,347,351,354,359,360
2oecB_BS01_K	47,66,67,71
2oecB_BS02_ANU	67,92,93,94,164,194,195,196
2ovdA_BS01_DAO	46,65,100,102,104,111,113
2pknA_BS01_ACP	195,223,224,225,228,243,244,246,255,284,285,288
2q6vA_BS01_UDP	215,216,217,218,240,241,259,260,262,265,279,292,293,294,297
2q71A_BS01_CP3	27,28,29,30,31,36,45,72,73,74,75,76,77,90,96,144,154,207,209,329
2qehA_BS01_SRO	4,8,22,23,25,36,37,40,95,111,112,115,136
2qo9A_BS01_ANP	22,23,28,44,92,93,94,95,99,146
2qttA_BS01_ADE	98,99,162,180,181,182,206
2qv7A_BS01_MG	204,207,209
2qv7A_BS02_ADP	14,16,18,45,46,47,48,70,71,73,74,77,97,98
2qwiA_BS01_UUU	119,120,140
2qwiA_BS02_NAG	2,3,5,154
2qwiA_BS03_CA	213,214,217,244,266,267
2qwiA_BS04_G20	37,38,70,71,75,98,142,144,147,166,196,197,290,324
2qyqA_BS01_PTR	70,84,86,109,110,111,118,120,181,184
2qzzA_BS01_NAP	10,12,13,14,15,34,35,38,40,78,79,81,83,106,107,108,109,128,148,150,154
2qzzA_BS02_EMF	81,109,110,148,149,153,154,254,257,258,261,308,310
2r68A_BS01_SUP	10,27,28,29,90,122,145,146,151,174
2r7aA_BS01_HEM	8,9,10,29,30,45,65,89,147,148,149,150,159,160,161,179,235,236
2rfhA_BS01_ZN	69,72,196
2rfhA_BS02_23N	69,72,127,144,145,196,243,247,250,268,270
2rjcA_BS01_MES	150,153,156,158,174,177,181
2rjcA_BS02_MES	254,256,257,262,278,281,285
2rk2A_BS01_NAP	16,47,48,49
2rkmA_BS01_III	32,33,34,37,109,397,416,417,418,419,436,438
2royA_BS01_P28	9,11,102,111,112,113
2simA_BS01_DAN	36,37,55,61,98,99,127,174,245,308,341
2uyqA_BS01_SAM	85,87,107,135,136,137,138
2v8lA_BS01_ZN	1,12
2v8lA_BS02_GLC	29,32,33,34,58,68,70
2vaqA_BS01_VAW	121,123,148,151,152,180,198,248,249,278,279,281,295,296
2varA_BS01_UUU	10,32,33,34,89,103,105,107,136,165,253,254,257,293
2varA_BS02_UUU	163,165,225,227,228,230,231,245,249,254,255,256,257,259,281,284,288
2vcjA_BS01_2EQ	33,36,37,40,78,81,82,83,87,92,93,94,123,169,171
2vfcA_BS01_COA	66,67,92,94,95,106,107,127,128,129,149,166,167,201,206,207,217,219,226,229,233
2vflA_BS01_C5P	47,92,96,132,137,139
2vkmA_BS01_BSD	16,17,34,36,38,39,74,75,76,77,112,114,119,122,130,202,232,233,234,235,236,237,239,329,339
2vu9A_BS01_MG	217,221
2vu9A_BS02_UUU	394,404
2vu9A_BS03_UUU	245,330,331,380,381,392,394,395,403,404
2w1aC_BS01_TSA	23,27,30,34,42,43,46,47,69,73
2wn7A_BS01_NAD	274,275,279,280,312,314,317,318,328,331
2wvaA_BS01_TPU	388,389,412,413,414,438,439,440,441,444,466,468,469,470,471,472
2wvaA_BS02_MG	439,466,468
2wvaA_BS03_TPU	24,25,49,74,113
2wzmA_BS01_NA7	21,186,187,188,189,190,191,192,195,212,227,229,230,231,235,238,239,265
2x4oA_BS01_III	7,9,45,59,63,66,67,70,73,77,81,84,97,99,116,143,146,147,152,159,167,171
2x60A_BS01_GTP	7,8,9,10,11,12,13,14,25,56,80,83,84,85,86,89,108,326
2yw2A_BS01_ATP	103,141,143,148,150,152,153,185,186,187,188,192,214,224,282,283
2yw2A_BS02_PO4	11,71,287,290,378
2yw9D_BS01_NAP	15,16,17,21,22,42,46,65,66,67,93,94,95,96,120,145,146,164,190,191,192,193,195
2ywcA_BS01_XMP	288,366,367,368,408,467,471,472,473
2yyuB_BS01_C5P	7,9,31,121,180,183,208,209
2z09A_BS01_ACP	8,9,10,36,37,38,74,92,93,95,96,97,98,99,106,107,108,109
2z0xA_BS01_5CA	30,31,47,48,49,50,51,85,86,88,99,100,128,135
2z1sA_BS01_CTT	164,177,220,240,295,312,313,323,325,353,399,406,415
2za1A_BS01_OMP	23,102,104,136,138,194,195,240,264,267,268,269,293,294
2zasA_BS01_1OH	37,40,41,44,75,78,85,95,114,118,204
2zcpA_BS01_FPS	22,41,44,45,48,137,141,168,171,172
2zcpA_BS02_FPS	18,19,20,21,22,41,45,134,138,145,157,160,161,164,165,168,171,233,248,265
2zcpA_BS03_MG	168,172
2zcpA_BS04_MG	48,52
2zdqA_BS01_DAL	13,16,82,229,268,284,288,293,294
2zdqA_BS02_ATP	116,131,151,153,158,159,160,163,189,190,191,192,197,218,222,223,228,268,270,272,281,282,284
2zgmB_BS01_LAT	43,44,60,64,73,81,84,86
2zgzA_BS01_MG	7,73,101
2zgzA_BS02_GNP	8,9,10,11,13,172,173,174,175,226,227,281,284,285,308
2zhzB_BS01_ATP	7,8,9,14,15,24,29,33
2zhzB_BS02_ATP	125,128,129,149
2zjaA_BS01_ACP	21,23,25,28,48,51,52,53,54,145
2zu3A_BS01_ZU3	40,71,125,126,127,128,142,144,145,147,161,162,163,164,165
3a0tA_BS01_ADP	58,62,86,91,99,104,105,106,107,110,111,112,114,115,141
3a2sX_BS01_SUC	7,9,42,108,110,338,340
3a5rA_BS01_HC4	149,150,196,197,251,253,322,361
3aaqA_BS01_ARU	11,12,13,16,143,144,145,187,188,254,255,258,300,302,306
3adpA_BS01_NAI	9,10,11,30,31,35,88,89,90,91,96,99,116,118,139,140,142
3b3fA_BS01_SAH	9,10,13,19,22,28,52,53,54,57,58,74,75,100,101,102,103,117,128,131
3b4yA_BS01_F42	36,37,38,71,72,74,104,105,106,107,110,123,173,174,175,176,177,178,179,191,193,228,258
3b4yA_BS02_FLC	42,107,193,196,230,250,257,258,281
3b6aA_BS01_ZCT	60,63,65,84,98,99,103,107,108,110,111,112,137
3b6rB_BS01_NO3	127,227,231,315
3b6rB_BS02_ADP	123,125,127,186,235,287,289,290,291,315,317,318,319,320,330
3b6rB_BS03_CRN	66,67,196,227,278,280
3bazA_BS01_NAP	74,102,149,150,151,152,153,171,172,173,174,200,201,202,207,228,229,230,254,277,279
3btsB_BS02_NAD	9,10,12,15,16,17,41,79,80,81,82,84,85,108,109,137
3bynA_BS01_RAF	52,53,76,130,131,213,214,307,327,330,378
3bynA_BS02_CA	208,231,239,275,277,306
3c2fA_BS01_PRP	141,143,234,235,249,250
3cagA_BS01_ARG	32,35,36,39,49,50,51
3cagA_BS02_ARG	52,53,54,55
3cagA_BS03_ARG	28,53
3cagA_BS04_ARG	29,31,32,52,53
3cgyA_BS01_RDC	60,64,86,89,90,91,93,95,99,119
3cpaA_BS01_III	69,72,144,145,196,197,243,248,250,253,256,270
3cpaA_BS02_ZN	69,72,196
3crrA_BS01_DPO	12,13,14,15,16,17,136
3cwkA_BS01_REA	15,19,31,32,36,39,54,58,59,76,121,132
3cxiA_BS01_VIT	2,3,5,6,16,17,18,21,22,28,29,30,51
3cxiA_BS02_VIT	30,31,113
3d1gA_BS01_322	152,172,174,175,176,242,243,247,346,360,362
3d4pA_BS01_NAD	12,13,14,35,36,78,79,80,81,117,118,119,142,146,174,227,231
3d4pA_BS02_PYR	119,146,150,174,217,227
3dsrA_BS01_ADP	128,271,272,273,277,279,280,283,287,307
3du4A_BS01_PLP	112,113,114,146,147,148,217,251,253,254,280
3du4A_BS02_KAP	53,146,149,162,280,410
3du4A_BS03_PLP	316,317
3du4A_BS04_KAP	82,315,317
3duwA_BS01_SAH	39,40,64,66,69,70,88,89,93,117,136,138,139,140,147
3dwrA_BS01_0PA	37,39,62,64,245,246,250
3dwrA_BS02_0PA	78,236,237,249,250,252,253
3dwrA_BS03_0PA	64,66,75,76,77,78,94
3dzlB_BS01_3OC	34,70,74,77,79,117,133
3dzlB_BS02_3OC	66,69,105,140
3e3sA_BS01_I3C	82,83
3e3sA_BS02_I3C	20,21,78,79
3e3sA_BS03_I3C	166,171
3e3sA_BS04_I3C	49,80,81,87,106
3efvA_BS01_NAD	130,131,132,133,134,139,142,157,158,159,190,193,208,209,210,213,216,231,232,233,265,362,364,428
3egvA_BS01_SAH	99,100,107,128,129,130,134,149,150,151,175,191,192,196
3egvA_BS02_4MM	99,106,191,192,193,218,247
3ej0A_BS01_11X	51,52,73,74,75,115,116,129
3ej0A_BS02_11X	126,128,129
3ek5A_BS01_GTP	102,110,111,112,113,114,120,129
3ek5A_BS02_GTP	117,119,120,123,127
3ergA_BS01_GTS	9,10,11,12,35,40,53,54,67,68,115
3erkA_BS01_SB4	32,45,47,77,96,98,99,101,104,146,149
3ertA_BS01_OHT	38,41,45,46,48,78,82,89,99,116,123,216,220
3exsA_BS01_5RP	7,9,62,115,161,163,183,184
3f1kA_BS01_NAP	19,22,23,24,44,69,70,71,72,99,100,101,150,151,152,165,169,194,195,196,197,199,201,202
3f47A_BS01_UUU	6,7,9,10,13,63,64,65,114,115,118,135,148,149,150,158,175,176,177,201,202,204,205,206
3ftfA_BS03_SAH	8,10,11,12,13,38,39,40,41,42,43,59,60,61,83,84,101,103
3fwrA_BS01_ADP	56,58,59,60,61,82,87,88,107,108,109,110
3g1xA_BS01_U	8,10,32,116,117,170,175,192,193
3g1xA_BS02_U	65,66,69
3gd9A_BS01_UUU	118,119,120,122,127,128,129,131,133,269,270,332,335
3gdlA_BS01_UP6	31,33,55,57,87,89,149,150,198,211,213,230,231
3gdlA_BS02_UP6	92,93,96
3gh6A_BS01_GSH	9,11,39,51,52,53,54,65,66,67,102
3gidA_BS01_S1A	34,37,38,41,325,328,329,333,334,383,403,405,418,419,420
3gplA_BS02_ANP	140,145,164,165,166,167,168,169,170,268,294,295,454,481
3gpoA_BS01_APR	11,12,13,24,26,32,33,34,35,36,38,110,112,113,114,115,116,146,150
3gqkA_BS01_ATP	55,88,90,93,94,95,96,98,101,104
3h18A_BS01_PMS	75,76,79,143,144,173,198,264
3h18A_BS02_PMS	32,74,75,84,85,88,142,143,265,268
3h2kA_BS01_BOG	129,167,168,199,206,209,210,212,219,222,225,226,278,281,285,290,330
3h2kA_BS02_BOG	221,266,267,368
3h39A_BS01_ATP	41,42,45,57,119,120,124,164,166,167,170,173,174,177,213
3h72A_BS01_SIA	28,29,47,53,97,98,115,123,124,271,283,328,344,402,433
3hitA_BS01_DYN	71,72,73,74,121,123,169,174,177,206,207,208,209,210,214,233,254
3hiyA_BS01_UTP	50,51,52,62,63,65,136,139,140,162,166,179,180,181,333,340,343
3hiyA_BS02_MG	52,63,65
3hp8A_BS01_SUC	42,43,44,45,46,53,54,81,82,83
3hp8A_BS02_SUC	1,2,3,5,6,24,25,98,99,100,101
3hpiA_BS01_SUC	11,13,61,62,64,65,110,152,153,154,339
3hvlA_BS01_SRL	89,90,92,93,97,127,131,134,145,152,163,164,247,251,254,260,265,269
3hvoA_BS01_VGI	415,418,419,470,471,494,524
3i0dA_BS01_UDP	50,51,52,55,130,131,132
3i6cA_BS01_GIA	9,11,80,81,84,104,107
3i6cA_BS02_GIA	24,25,30,38,60
3i8xA_BS01_GDP	13,14,15,16,17,18,117,118,120,121,146,147,148
3idoA_BS01_EPE	8,9,10,11,12,13,14,45,46,124,126
3iesA_BS01_M24	238,239,240,308,309,310,311,331,332,333,334,335,336,339,340,341,355,415,430
3iiqA_BS01_UUU	4,5,6,7,9,10,12,47,48,49,50
3iiqA_BS02_JZA	10,12,171,172,173,201
3iiqA_BS03_TRT	26,191,215
3in1A_BS01_ADP	194,225,227,228,230,244,253,282,285
3jynA_BS01_NDP	42,46,123,124,127,130,148,151,152,153,172,173,177,192,216,238,239,240,241,242,263,264,265,266,312,313,315
3kakA_BS01_3GC	121,141,142,143,144,206,209,211,263,266
3kbnA_BS01_NI	217,220,255,257
3kbnA_BS02_NI	181,217,245,287
3kbnA_BS03_GLO	54,90,135,137,181,183,217,220,245,287
3kdiA_BS01_A8S	58,81,87,90,115,118,160,163,167
3kjgA_BS01_ADP	10,11,12,13,14,15,40,191,192,215,216,217,218,221
3kp5A_BS01_KAN	16,17,28,35,36,38,39,58,95
3ku1A_BS01_SAM	5,6,23,46,47,51,74,75,91,92,93,97,101
3kv8A_BS01_FAH	19,37,38
3kv8A_BS02_FAH	46,116
3kv8A_BS03_FAH	22,29,37,38,39
3kv8A_BS04_FAH	72,74,75
3kv8A_BS05_FAH	64,65
3lbzA_BS01_Z88	1,2,3,4
3lbzA_BS02_Z89	15,18,19,22
3lbzA_BS03_Z89	45,46,48,49,52
3lbzA_BS04_Z88	3,4
3ldkA_BS01_SUC	41,59,99,100,124,125,171,273,299,379
3ll3A_BS01_ATP	259,260,299,300,303,316,320,400,401,402
3ll3A_BS02_DXP	128,296,340,342,343,349
3ll3A_BS03_XUL	78,79,80,238,280,294,343
3lzzA_BS01_GDP	15,16,22,24,45,47,131
3m4eA_BS01_BCD	113,147
3manA_BS01_UUU	30,31,59,86,249,253,254,255
3maqA_BS03_DGT	414,415,416,417,418,419,472,488,492,495,541,542
3maqA_BS04_MG	414,415,542
3maqA_BS05_MG	414,542
3nk7A_BS01_SAM	186,187,209,210,211,214,227,229,231,237,238,239,240,243
3nk7A_BS02_SAM	126,156
3stdA_BS01_MQ0	22,42,45,46,67,98,100,119,123,139,141,143,154,157
3ts1A_BS01_TYA	34,36,38,47,48,51,68,73,78,123,169,173,176,191,192,194,195,220,221
4dfrA_BS01_MTX	5,6,7,27,28,31,32,49,50,52,54,57,94,100
4f10A_BS01_UUU	64,77,85,131,134,138,188,236,242,243,246,303,309,310,339
4stdA_BS01_BFS	22,42,67,68,98,100,102,119,121,123,139,141,143,150,154,157
5galB_BS01_UUU	46,48,50,59,66,69
5stdA_BS01_CA	155,156,159
5stdA_BS02_UNN	42,45,61,67,98,100,102,119,121,123,139,141,143,150
5tlnA_BS01_CA	138,177,185,187,190
5tlnA_BS02_CA	177,182,183,185,190
5tlnA_BS03_CA	57,59,61
5tlnA_BS04_CA	193,194,197,200
5tlnA_BS05_ZN	142,146,166
5tlnA_BS06_BAN	112,113,130,133,139,142,143,146,166,188,202,203,226,231
7dfrA_BS01_FOL	7,20,27,28,31,32,46,50,54,57,94,113
7dfrA_BS02_NAP	6,7,14,16,18,19,20,22,43,44,45,46,62,63,64,76,94,95,96,97,98,99,100,102,123
7estE_BS01_0Z2	45,88,89,167,184,185,188,206,207,208,209,211
7estE_BS02_CA	59,61,62,63,64,66,69
7estE_BS03_DMF	9,12,15,58,59,60,108,145
830cA_BS01_ZN	119,123,129
830cA_BS02_ZN	69,71,84,97
830cA_BS03_CA	76,77,78,79,80,81,99,102
830cA_BS04_RS1	81,82,83,115,116,119,120,123,129,136,138,139,140,141,142
966cA_BS01_ZN	111,115,121
966cA_BS02_ZN	61,63,76,89
966cA_BS03_CA	68,69,70,71,73,91,94
966cA_BS04_CA	51,83,84,85,87
966cA_BS05_CA	17,92,94,96
966cA_BS06_RS2	73,74,75,108,111,112,115,121,128,130,131,132,133,134
3ct5A_BS01_NAG	45,54,69,70,71,106,136,137,138,139,140